Charlotte 49ers,CHAR
QB,Eric Rondall,35,2003,80,71,70,70,70,70,8.7,3
QB,Anthony Javan,23,2015,80,71,70,70,70,70,8.7,3
QB,Eric George,26,2013,80,71,70,70,70,70,8.7,3
RB,Kevin Tyronne,28,2011,80,71,70,70,70,70,8.7,3
RB,Tyree Vashan,35,2002,80,71,70,70,70,70,8.7,3
RB,George Tyree,23,2015,80,71,70,70,70,70,8.7,3
RB,Dick Charles,27,2011,80,71,70,70,70,70,8.7,3
WR,Tupac Tim,35,2004,80,71,70,70,70,70,8.7,3
WR,Rondall Spike,27,2011,80,71,70,70,70,70,8.7,3
WR,Dick Tyronne,24,2013,80,71,70,70,70,70,8.7,3
WR,Eric Wendell,24,2015,80,71,70,70,70,70,8.7,3
WR,Kobe Otis,24,2014,80,71,70,70,70,70,8.7,3
WR,Tyree Alwan,27,2011,80,71,70,70,70,70,8.7,3
OL,Alan Tre,32,2005,80,71,70,70,70,70,8.7,3
OL,Cordell Nguyen,28,2009,80,71,70,70,70,70,8.7,3
OL,Daniel Joseph,22,2015,80,71,70,70,70,70,8.7,3
OL,Jimmy Tyree,28,2011,80,71,70,70,70,70,8.7,3
OL,Derrick Quinton,29,2010,80,71,70,70,70,70,8.7,3
OL,Walter Kim,21,2016,80,71,70,70,70,70,8.7,3
OL,Marvin Clayton,21,2016,80,71,70,70,70,70,8.7,3
OL,Edward Dexter,22,2016,80,71,70,70,70,70,8.7,3
OL,Rondall Eric,30,2008,80,71,70,70,70,70,8.7,3
OL,Andre Damian,29,2009,80,71,70,70,70,70,8.7,3
K,Arthur Umar,36,2002,80,71,70,70,70,70,8.7,3
K,Johnson Samuel,28,2010,80,71,70,70,70,70,8.7,3
S,Shawnte Carl,29,2008,80,71,70,70,70,70,8.7,3
S,Orlando Roy,28,2011,80,71,70,70,70,70,8.7,3
CB,Lee Jose,33,2005,80,71,70,70,70,70,8.7,3
CB,Rondall Manning,30,2008,80,71,70,70,70,70,8.7,3
CB,Nate Hakeem,29,2010,80,71,70,70,70,70,8.7,3
CB,Jerry Omari,28,2011,80,71,70,70,70,70,8.7,3
CB,Kevin Tre,22,2016,80,71,70,70,70,70,8.7,3
CB,Ryan Myers,22,2016,80,71,70,70,70,70,8.7,3
DL,Thor Talin,29,2009,80,71,70,70,70,70,8.7,3
DL,Cordell Damian,22,2016,80,71,70,70,70,70,8.7,3
DL,Dennis Edward,25,2013,80,71,70,70,70,70,8.7,3
DL,Lamar Walter,25,2013,80,71,70,70,70,70,8.7,3
DL,Kendrick Michael,24,2013,80,71,70,70,70,70,8.7,3
DL,Tim Cordell,30,2008,80,71,70,70,70,70,8.7,3
DL,Myers Johnson,23,2015,80,71,70,70,70,70,8.7,3
DL,Jason Tre,24,2014,80,71,70,70,70,70,8.7,3
LB,Bobby Dick,30,2009,80,71,70,70,70,70,8.7,3
LB,Tim Squires,23,2016,80,71,70,70,70,70,8.7,3
LB,Deon Vashan,33,2004,80,71,70,70,70,70,8.7,3
LB,Paul Harold,25,2014,80,71,70,70,70,70,8.7,3
LB,Trayvon Arthur,29,2009,80,71,70,70,70,70,8.7,3
LB,Omari Cordell,25,2013,80,71,70,70,70,70,8.7,3
LB,Kendrick Jarvis,26,2012,80,71,70,70,70,70,8.7,3
LB,Shawnte Tim,25,2013,80,71,70,70,70,70,8.7,3
END_PLAYERS
North Carolina Tar Heels,UNC
QB,Damian Myers,28,2010,101,82,78,81,75,98,9.8,3
QB,Squires Thomas,25,2013,83,62,85,68,84,86,5.7,1
RB,Luther Bruce,29,2010,81,65,65,86,96,92,5.6,4
RB,Draymond Kaynard,25,2014,69,76,50,77,77,82,5.3,3
RB,Thor Damarco,29,2009,98,75,73,87,86,87,0.5,1
RB,Harold Donald,32,2006,50,73,51,63,55,63,0.5,1
WR,Manning Nate,28,2011,84,62,63,87,77,65,4.2,1
WR,Joseph Ronald,36,2002,121,98,76,86,89,88,3.0,1
WR,Raymond Alwan,31,2007,87,62,74,73,66,89,3.0,2
WR,Tran Richard,25,2014,78,63,90,63,84,86,3.5,3
WR,Tim Umar,31,2007,65,78,54,83,87,80,0.5,1
WR,Manning Jordan,28,2010,104,69,61,89,88,82,0.5,1
OL,Harold Dajon,36,2003,95,76,50,100,80,84,4.2,2
OL,Juan Spike,33,2005,91,77,78,89,65,69,3.1,1
OL,Odell Scott,26,2012,98,69,50,86,89,87,3.3,2
OL,Gerald Roy,31,2008,103,85,83,76,79,74,2.6,2
OL,Vashan Jack,29,2010,109,73,60,83,82,85,2.2,3
OL,Tyrell Darik,26,2013,66,61,58,80,58,64,2.2,2
OL,Tim Tim,33,2005,67,68,62,67,58,66,0.5,1
OL,Terry Matthew,27,2011,67,51,54,64,68,55,0.5,1
OL,Clifton Larry,29,2009,101,58,87,89,89,84,0.5,1
OL,Nate Gerald,22,2016,53,66,65,59,65,61,0.5,1
K,Reggie Robert,30,2009,81,53,86,83,82,83,1.8,1
K,Tyree Wayne,22,2016,75,59,99,86,80,89,0.5,1
S,Malik Charles,27,2010,63,60,82,87,82,85,3.5,2
S,Damarco Randall,29,2009,96,56,78,58,58,62,0.5,1
CB,Dick Perry,29,2010,82,68,59,91,83,71,4.4,3
CB,Kim Joe,33,2005,105,78,52,83,83,85,2.6,3
CB,Frank Alan,29,2008,73,58,57,82,95,87,2.4,1
CB,Squires Brady,22,2016,55,54,86,85,85,56,2.6,2
CB,Omari Peyton,26,2012,102,80,81,72,55,82,1.9,3
CB,Myers Kobe,33,2005,70,61,66,61,55,58,0.5,1
DL,Jason Charles,32,2005,78,59,55,99,88,66,6.4,2
DL,Marvin Jimmy,24,2014,74,52,79,87,88,86,2.9,3
DL,Scott Long,28,2009,84,71,80,69,80,80,2.4,1
DL,Adam Otis,30,2008,87,62,71,79,83,86,2.2,3
DL,Kim Talin,29,2010,63,72,88,89,80,81,1.9,2
DL,Peter Jordan,30,2008,66,65,58,82,84,85,0.5,1
DL,Wendell Thomas,24,2014,69,69,90,86,82,59,0.5,1
DL,Dick Ha-Ha,30,2008,68,76,52,64,62,57,0.5,1
LB,Charles Jahquil,32,2007,81,71,93,92,83,87,4.0,4
LB,Manning Dennis,27,2011,100,70,53,73,80,87,3.1,1
LB,Talin Tran,24,2013,96,61,50,70,81,72,2.4,3
LB,Myers Ryan,25,2013,81,74,57,65,87,80,2.4,2
LB,Tupac Tyronne,25,2013,93,60,75,86,82,85,0.5,1
LB,Jimmy Draymond,23,2015,61,76,84,67,67,59,0.5,1
LB,Mark Thomas,22,2016,80,56,68,69,57,59,0.5,1
LB,Jordan Patrick,22,2016,64,71,61,55,60,68,0.5,1
END_PLAYERS
NC State Wolfpack,NCST
QB,Larry Joshua,31,2006,92,81,88,85,75,102,10.4,4
QB,Spike Eli,27,2011,79,71,68,72,73,57,5.2,1
RB,Edward Dequain,34,2003,77,73,104,81,84,76,4.7,2
RB,Omarr Ralph,30,2009,51,61,50,81,67,84,4.4,1
RB,Lucius William,30,2007,75,69,78,90,73,67,4.2,1
RB,Malik Harold,31,2007,121,69,59,66,66,67,0.5,1
WR,Draymond Lebron,33,2004,96,87,78,77,77,81,3.5,1
WR,Kendrick Ryan,27,2011,81,57,93,76,79,78,3.9,3
WR,Arthur Tim,32,2005,94,70,89,75,73,81,3.2,3
WR,Eric Ralph,33,2006,92,79,51,84,59,74,3.0,2
WR,Roman Delroy,32,2006,68,73,78,69,59,56,0.5,1
WR,Lamar Tupac,29,2009,94,72,89,59,59,59,0.5,1
OL,Joseph Adam,31,2006,78,59,56,89,68,98,5.2,4
OL,Thomas Squires,31,2006,86,70,99,83,82,72,3.3,3
OL,Reggie Ryan,27,2010,86,74,59,77,99,69,3.5,2
OL,Edward Kobe,28,2011,94,55,71,82,72,61,2.8,3
OL,Shawnte Randall,24,2014,56,78,93,78,69,62,2.6,1
OL,Deon Tim,29,2010,83,72,95,74,72,69,2.0,1
OL,Beckham Draymond,32,2006,51,73,50,66,66,66,0.5,1
OL,Tim Ralph,27,2011,56,51,79,66,63,57,0.5,1
OL,Michael Aaron,31,2007,56,68,83,59,59,66,0.5,1
OL,Hunter Quinton,23,2015,64,79,54,60,56,58,0.5,1
K,Wardell Carl,26,2012,70,56,89,72,77,64,1.6,1
K,Matthew Delroy,23,2015,68,50,74,71,71,76,1.4,3
S,Brian Manning,22,2015,61,65,62,68,68,76,2.8,2
S,Samuel Wendell,32,2006,74,79,71,58,56,60,0.5,1
CB,Roy Charles,28,2010,72,78,53,76,105,80,4.4,2
CB,Rufus Harold,32,2005,66,50,57,88,66,62,2.6,1
CB,Andre Justin,30,2007,59,50,88,84,65,64,2.4,1
CB,Clayton Carlos,27,2012,77,79,65,71,61,86,2.2,1
CB,Reggie Harry,28,2010,75,71,73,69,55,69,0.5,1
CB,Justin Peyton,31,2007,81,64,52,66,57,58,0.5,1
DL,Jack Reggie,26,2012,64,52,73,85,65,90,4.2,4
DL,Damian Marvin,32,2005,57,63,50,88,82,50,3.1,1
DL,Brian Long,24,2013,84,78,86,82,58,73,2.9,1
DL,Fred Roman,29,2009,50,55,72,85,53,60,2.2,2
DL,Bruce Damon,27,2011,58,60,56,74,66,73,2.2,1
DL,Jamaar Terry,29,2009,73,74,98,66,100,56,1.7,2
DL,Odell Lebron,29,2009,88,61,70,60,57,69,0.5,1
DL,Lee Ha-Ha,24,2014,89,65,78,59,60,57,0.5,1
LB,Carl Raymond,29,2009,100,76,94,96,84,82,6.7,3
LB,Kim Dick,26,2013,93,78,62,71,76,77,2.4,2
LB,Dennis Kobe,30,2009,73,77,50,74,67,74,2.0,1
LB,Reggie Theo,30,2008,88,77,53,70,65,77,1.7,2
LB,Damian Myers,25,2013,55,61,87,68,65,64,0.5,1
LB,Ryan Jack,30,2008,99,69,66,68,62,56,0.5,1
LB,Ha-Ha Kobe,22,2016,94,78,74,61,65,66,0.5,1
LB,Thor Squires,29,2009,64,74,80,57,67,56,0.5,1
END_PLAYERS
Wake Forest Demon Deacons,WAKE
QB,Jimmy Jack,31,2008,86,64,56,111,80,65,17.6,2
QB,Kaynard Spike,30,2008,50,65,101,56,67,56,0.5,1
RB,Tre Jason,27,2012,89,54,58,80,89,71,5.6,3
RB,John Andrew,28,2010,69,63,87,64,72,86,3.9,2
RB,Joe Dexter,24,2015,98,65,78,89,65,59,3.3,2
RB,Adam Ralph,29,2009,82,60,100,68,65,69,0.5,1
WR,Ryan Omarr,29,2008,62,75,58,81,72,78,3.9,3
WR,Dequain Johnson,25,2012,77,55,63,83,68,77,4.2,3
WR,Tupac Omari,25,2012,88,75,56,75,85,68,3.7,1
WR,Kim Talin,27,2011,87,62,85,76,70,70,3.0,3
WR,Terry Rhys,30,2007,50,61,107,77,72,54,2.1,1
WR,George George,24,2014,56,70,83,55,62,56,0.5,1
OL,Jarvis Paul,32,2006,56,62,75,98,60,76,4.4,1
OL,Damon Omarr,37,2002,72,75,52,94,79,43,2.9,3
OL,Raymond George,25,2012,74,56,78,90,58,67,3.7,2
OL,Otis Rhys,34,2005,91,79,69,85,58,64,2.2,1
OL,Wayne Dennis,27,2012,98,70,87,70,85,72,2.4,1
OL,Dontrell Quinton,30,2007,64,65,59,79,61,62,2.0,1
OL,Brady Rodell,28,2010,80,71,62,66,65,68,0.5,1
OL,Draymond Jason,24,2014,80,70,58,63,66,68,0.5,1
OL,Wendell Tupac,32,2006,59,58,94,63,69,57,0.5,1
OL,Matthew Dequain,33,2005,50,64,50,58,61,66,0.5,1
K,Kendrick Russell,31,2007,55,59,58,85,70,53,1.7,1
K,Dontrell Aaron,30,2007,77,78,71,71,81,52,1.7,3
S,Manning Dajon,26,2012,81,77,50,70,68,78,2.6,1
S,Nguyen Dontrell,30,2007,67,77,60,74,74,60,2.1,2
CB,Peyton Edward,30,2007,83,78,58,87,84,81,4.2,2
CB,Reggie David,27,2010,78,64,85,62,78,103,2.9,1
CB,Arthur Javan,21,2016,58,52,69,83,65,61,2.8,3
CB,Damon Russell,28,2010,93,77,83,65,89,69,2.2,2
CB,Randall Ben,23,2014,69,65,54,72,72,64,2.0,1
CB,Jose Peyton,26,2012,93,79,50,66,60,61,0.5,1
DL,Kevin Damarco,26,2012,76,68,51,75,79,106,4.2,1
DL,Lee Jimmy,29,2008,54,72,55,78,70,91,3.3,3
DL,Richard Russell,31,2008,83,71,98,74,80,76,2.4,1
DL,Joe Dirk,28,2009,61,78,66,78,64,75,2.6,2
DL,Patrick Brady,27,2010,60,65,76,67,64,90,2.0,3
DL,Bruce Tyree,22,2016,60,74,62,68,64,68,0.5,1
DL,Frank Odell,23,2015,50,78,56,63,63,61,0.5,1
DL,Douglas Hunter,29,2009,80,77,82,57,63,55,0.5,1
LB,Thomas Theo,24,2014,89,68,76,90,65,80,5.2,3
LB,Andre Malik,28,2011,65,73,103,81,78,65,2.9,2
LB,Rondall Terry,23,2015,62,70,92,73,87,61,2.6,1
LB,Damon Aaron,24,2013,72,62,60,70,71,77,2.2,2
LB,Orlando Robert,33,2005,80,68,50,60,63,67,0.5,1
LB,Dajon Isaac,27,2011,87,58,79,58,59,62,0.5,1
LB,Rondall Tran,31,2007,80,57,78,56,65,59,0.5,1
LB,Eric Ronald,23,2015,88,78,77,55,55,66,0.5,1
END_PLAYERS
Appalachian State Mountaineers,APP
QB,Darik Odell,27,2010,80,59,80,70,86,78,9.8,8
QB,Wendell Beckham,27,2012,86,65,51,76,76,93,9.3,3
RB,Richard Joseph,31,2008,82,83,71,71,92,73,4.4,2
RB,Isaac Peyton,29,2008,66,78,53,107,71,54,4.4,1
RB,Marcus Cox,21,2015,99,80,88,99,99,99,3.3,8
RB,Jalin Moore,20,2016,91,71,88,83,89,88,0.5,8
WR,Scott Joe,23,2015,80,65,68,93,80,83,8.3,3
WR,Jerry Wardell,30,2009,92,54,98,78,68,76,3.2,1
WR,Damon Nate,26,2011,75,73,59,77,78,66,3.2,2
WR,Damarco Michael,30,2009,89,64,84,67,66,83,2.1,2
WR,Fred Talin,33,2005,59,54,80,64,64,66,0.5,1
WR,Jason Tyree,26,2012,73,56,50,65,56,67,0.5,1
OL,Edward Odell,31,2007,101,70,69,105,89,77,8.0,1
OL,Lee Sin,27,2011,64,72,74,92,94,95,3.1,1
OL,Matthew Adam,25,2012,102,62,62,89,80,76,3.1,1
OL,Odell Thomas,25,2014,62,51,59,84,86,78,2.9,1
OL,Frank Raymond,26,2013,90,71,87,83,70,74,2.2,3
OL,Squires Henry,27,2010,52,69,83,81,53,62,2.0,2
OL,Damon Ralph,28,2010,68,77,51,86,89,69,0.5,1
OL,Randall Deon,23,2015,89,75,69,80,89,69,0.5,1
OL,Clayton George,30,2008,65,64,80,83,57,59,0.5,1
OL,Ha-Ha Roy,24,2014,79,65,87,60,59,64,0.5,1
K,Wendell Adrian,30,2007,92,73,64,84,82,67,2.5,1
K,Andrew Jarvis,23,2015,81,50,83,66,68,56,0.5,1
S,Damarco Johnson,23,2015,96,59,63,81,70,65,3.5,2
S,Kim Charles,22,2016,85,51,68,66,67,57,0.5,1
CB,Joseph Steven,24,2013,51,75,76,91,76,70,4.4,2
CB,James Paul,25,2012,87,75,70,85,80,60,3.3,2
CB,Eli Aaron,31,2007,88,70,76,76,65,84,2.4,2
CB,Matthew Keon,25,2012,50,58,86,67,82,75,2.4,3
CB,Clifton Duck,20,2014,103,84,83,94,99,95,2.0,14
CB,Harold Benton,30,2008,62,73,74,65,88,58,0.5,1
DL,Bruce Delroy,32,2006,68,78,54,91,82,81,4.2,4
DL,Hunter Tre,30,2007,92,82,66,64,97,93,2.8,1
DL,Omarr Gerald,26,2013,66,66,93,70,92,68,2.6,2
DL,John Lavon,22,2016,96,72,81,82,61,61,2.8,1
DL,Damon Damarco,23,2015,50,69,76,72,61,86,2.4,3
DL,Cordell Spike,23,2014,77,51,80,60,91,79,2.0,1
DL,Russell Paul,23,2015,82,71,75,67,65,67,0.5,1
DL,Spike Robert,23,2015,63,52,80,64,60,55,0.5,1
LB,Samuel Kevin,25,2012,90,58,81,85,67,84,4.0,4
LB,Kevin Andre,33,2005,86,81,81,79,69,94,3.1,2
LB,Lucius Adrian,25,2013,85,52,76,72,65,85,2.6,1
LB,Michael Douglas,23,2015,97,59,60,67,72,83,2.2,1
LB,Brian Rufus,32,2006,53,60,54,64,63,67,0.5,1
LB,Ryan Clifton,30,2008,77,55,78,63,64,63,0.5,1
LB,Tyrell Deon,33,2005,83,77,78,64,62,57,0.5,1
LB,Joshua Omari,25,2013,57,66,75,61,59,62,0.5,1
END_PLAYERS
Coastal Carolina Chanticleers,CCAR
QB,Tim Jason,33,2005,89,63,50,83,72,90,7.7,1
QB,Rodell Joshua,23,2016,77,52,62,68,80,62,7.2,3
QB,Damian Draymond,27,2012,61,63,64,58,81,64,5.2,1
RB,Hakeem Russell,28,2010,74,76,82,75,60,93,4.2,1
RB,Tyree Billy,29,2008,101,81,75,81,67,78,3.9,3
RB,Dequain Lee,30,2007,90,72,76,71,78,75,3.6,2
RB,Jamaar Wayne,25,2013,50,56,72,57,62,61,0.5,1
WR,Lavon Richard,25,2012,94,78,90,97,89,76,8.7,3
WR,Darik Theo,24,2014,99,56,51,71,59,90,3.0,2
WR,Perry Kobe,25,2012,86,73,78,77,60,73,2.8,1
WR,Marvin Keon,28,2009,74,65,86,74,69,67,2.6,3
WR,Wendell Trayvon,26,2011,78,59,72,69,81,61,2.3,2
WR,Perry Roy,22,2016,66,77,61,60,57,55,0.5,1
OL,Jack Tim,27,2011,76,66,58,79,94,81,4.2,2
OL,Jack Scott,29,2010,100,74,84,90,64,74,3.7,3
OL,Omari Dajon,23,2015,90,69,80,82,80,73,3.7,2
OL,Justin Ben,25,2013,97,79,102,85,57,74,3.3,2
OL,Russell Paul,22,2015,65,64,67,79,68,67,2.9,3
OL,Tyree Larry,29,2008,96,61,50,76,67,66,2.0,2
OL,Rhys Ha-Ha,27,2011,64,59,81,65,69,62,0.5,1
OL,Tim Manning,30,2008,53,50,65,65,68,64,0.5,1
OL,Matthew Damian,28,2010,51,61,91,64,60,67,0.5,1
OL,Dequain Jerry,23,2015,97,57,50,56,67,57,0.5,1
K,Alwan Jarvis,32,2007,89,70,72,88,73,70,2.1,2
K,Tran Damon,28,2010,50,66,72,60,69,68,0.5,1
S,Wardell Jeremy,34,2005,80,69,102,89,71,66,3.5,2
S,Thor Nguyen,24,2014,82,66,86,66,64,67,0.5,1
CB,Richard David,27,2012,82,66,50,94,95,62,5.7,3
CB,Otis Alan,35,2002,85,85,87,80,80,65,2.4,1
CB,Patrick Javan,33,2005,75,64,52,80,85,58,2.4,1
CB,Malik Joshua,25,2012,91,70,51,61,82,81,2.2,2
CB,Tre Myers,28,2010,51,54,52,60,62,64,0.5,1
CB,Jose Juan,26,2012,64,60,52,66,55,56,0.5,1
DL,Orlando Rodell,30,2007,77,74,62,92,79,65,4.2,3
DL,Myers Kevin,22,2016,72,51,61,81,73,77,3.7,2
DL,Deon Robert,25,2014,88,58,50,82,69,62,2.9,2
DL,Jamaar Ralph,30,2009,83,77,67,70,78,78,2.2,2
DL,Reggie Larry,28,2009,79,52,88,76,71,56,2.0,1
DL,Samuel Keon,29,2009,94,75,91,72,71,66,1.7,3
DL,Deon Arthur,28,2010,83,69,67,66,65,65,0.5,1
DL,Scott Tyronne,23,2015,86,77,50,59,64,59,0.5,1
LB,Luther Squires,26,2011,87,59,53,87,73,82,4.4,2
LB,Kendrick Mark,34,2003,105,90,54,77,73,81,2.6,3
LB,Jose Ryan,22,2016,98,64,66,70,81,80,2.9,2
LB,Nguyen George,26,2011,58,66,88,74,49,79,1.9,1
LB,Gerald Perry,32,2006,88,63,69,66,68,56,0.5,1
LB,Luther Peter,22,2016,82,50,98,62,69,61,0.5,1
LB,Roman Carl,29,2009,64,64,50,65,61,59,0.5,1
LB,George Wardell,23,2015,59,54,54,65,57,59,0.5,1
END_PLAYERS
Georgia Southern Eagles,GASO
QB,Cordell Wardell,27,2011,86,80,63,78,76,76,8.2,3
QB,Damian Harry,33,2005,52,76,77,72,83,58,6.7,2
RB,Derrick Carnell,28,2010,71,80,64,82,73,92,6.0,3
RB,Harold Harold,30,2007,106,77,58,71,70,81,3.6,2
RB,Shawnte Kim,25,2012,74,63,66,60,63,88,3.1,1
RB,Bruce Theo,26,2012,56,50,65,64,55,65,0.5,1
WR,Andrew Daniel,32,2005,105,86,56,72,111,72,4.4,3
WR,Quinton Wardell,29,2008,92,79,57,80,67,79,3.5,2
WR,Lavon Randall,30,2009,79,80,56,70,76,79,2.8,1
WR,Joseph Adrian,28,2010,60,72,77,72,62,85,2.8,3
WR,Peter Shawnte,27,2011,59,51,85,77,61,67,2.3,3
WR,Kevin Samuel,24,2014,71,65,60,62,61,64,0.5,1
OL,Hunter Peter,34,2003,103,88,71,98,85,67,5.7,3
OL,Eli Omarr,30,2007,80,54,50,79,76,83,3.3,1
OL,Arthur Fred,25,2012,81,52,62,83,66,70,3.3,2
OL,Tim Talin,23,2014,85,55,65,77,77,67,2.9,1
OL,Shawnte Dirk,24,2014,82,64,93,82,63,60,2.6,2
OL,Walter Jeremy,24,2014,90,66,91,76,57,76,2.4,3
OL,Kevin Charles,27,2011,62,59,51,64,58,68,0.5,1
OL,Theo Richard,27,2011,59,76,78,61,63,65,0.5,1
OL,Jimmy Damon,27,2011,69,62,59,61,59,58,0.5,1
OL,Lavon Daniel,23,2015,59,50,85,59,55,56,0.5,1
K,Bruce Marvin,31,2007,54,58,105,69,87,86,1.8,3
K,Vashan Billy,30,2008,57,60,82,67,69,68,0.5,1
S,Samuel Adam,23,2016,92,69,84,71,74,65,2.6,1
S,Joshua Carnell,32,2006,77,74,55,55,65,57,0.5,1
CB,Trayvon Bobby,32,2005,98,84,101,89,84,64,3.5,1
CB,Eli Brady,24,2013,60,51,57,90,82,54,3.7,2
CB,Roy Douglas,25,2012,94,63,50,71,71,82,2.6,3
CB,Jeremy Richard,26,2011,90,54,101,68,78,75,2.2,2
CB,Adam Derrick,24,2015,59,74,99,59,79,88,2.2,1
CB,Joshua Douglas,30,2008,91,74,70,69,62,55,0.5,1
DL,Rodell Deon,26,2012,68,70,69,93,62,79,5.2,4
DL,Ha-Ha Delroy,34,2004,69,58,81,81,73,78,2.8,1
DL,Marvin Perry,29,2008,72,56,86,82,59,70,2.6,3
DL,Keon Damian,26,2012,87,78,72,75,68,76,2.4,1
DL,Dexter Steven,27,2011,64,74,73,70,71,74,2.0,3
DL,Bobby Fred,29,2008,76,72,84,66,70,85,1.7,3
DL,Rufus Daniel,31,2007,80,61,80,59,69,66,0.5,1
DL,George Tim,26,2012,76,60,52,55,57,67,0.5,1
LB,Dirk Jordan,31,2006,54,60,62,97,78,62,5.2,1
LB,Tim Roy,30,2009,87,64,52,88,63,74,3.5,2
LB,Tyronne Jeremy,24,2014,50,76,73,78,69,77,3.1,1
LB,Dajon Justin,29,2009,84,63,53,69,64,65,0.5,1
LB,Alan Henry,33,2005,98,61,68,67,68,64,0.5,1
LB,Dontrell Jordan,23,2015,55,50,55,68,65,58,0.5,1
LB,Joshua Alan,26,2012,93,61,74,68,57,61,0.5,1
LB,Peter Ha-Ha,25,2013,85,77,88,55,67,61,0.5,1
END_PLAYERS
Georgia State Panthers,GAST
QB,Theo Russell,25,2012,97,60,97,87,70,78,9.3,2
QB,Isaac Odell,25,2012,99,69,80,77,70,75,7.2,3
QB,Lee George,27,2010,99,64,54,63,78,75,6.2,3
RB,Dick Theo,21,2016,79,78,62,89,61,78,5.0,2
RB,Derrick Andrew,31,2008,96,69,93,89,81,57,3.6,2
RB,Rhys Andre,23,2015,50,63,92,80,68,74,4.2,2
RB,Bruce Carnell,28,2010,51,69,55,55,58,60,0.5,1
WR,Thomas Peter,22,2016,84,59,57,95,75,65,6.5,3
WR,Juan Juan,27,2012,95,67,60,67,81,81,3.2,3
WR,Andrew Anthony,29,2010,62,51,79,75,68,71,2.6,2
WR,Draymond Adam,25,2013,97,55,52,75,73,64,2.8,3
WR,Kim James,21,2016,87,52,54,77,63,69,3.0,2
WR,Adrian Dirk,26,2012,56,57,50,55,59,63,0.5,1
OL,Beckham Charles,24,2015,74,61,67,87,83,66,4.4,4
OL,Dirk Billy,32,2006,81,70,81,90,62,76,3.5,1
OL,Arthur Rhys,29,2010,91,80,79,79,98,63,3.3,1
OL,Joe Rodell,27,2012,67,69,88,85,66,66,3.1,3
OL,Fred George,24,2013,64,57,96,69,61,98,2.6,3
OL,Harry Peter,23,2015,88,67,54,63,87,88,2.4,3
OL,Clayton Kevin,24,2014,88,69,88,70,70,72,2.0,3
OL,Wayne Harold,25,2013,89,61,56,62,66,63,0.5,1
OL,Tre Dajon,25,2013,98,64,53,56,66,65,0.5,1
OL,Javan Alwan,29,2009,59,70,50,55,63,63,0.5,1
K,James Brian,33,2004,85,65,62,75,82,74,1.7,2
K,Lebron Thomas,29,2009,76,79,50,56,55,60,0.5,1
S,Theo Brian,24,2013,81,67,89,101,67,87,9.0,3
S,Dexter John,31,2007,92,69,98,56,65,62,0.5,1
CB,Lebron Marvin,34,2005,95,64,55,72,75,103,3.1,4
CB,Jeremy Eric,27,2011,78,57,79,87,64,79,3.5,2
CB,Deon Jamaar,32,2007,93,67,50,71,84,76,2.4,1
CB,Damon Patrick,30,2007,72,57,50,69,80,73,2.0,2
CB,Jason Kaynard,27,2011,76,70,91,67,61,68,0.5,1
CB,Damian Richard,28,2010,67,52,64,62,56,69,0.5,1
DL,Edward Perry,31,2007,84,73,50,92,69,76,4.2,3
DL,Squires Johnson,26,2012,93,68,87,77,77,78,3.1,1
DL,Donald William,32,2005,67,53,54,85,75,54,2.6,3
DL,Michael Randall,26,2012,79,64,83,72,71,79,2.4,2
DL,Tran Henry,27,2011,72,58,51,73,63,74,2.0,1
DL,Damarco Ronald,26,2012,83,66,81,76,67,59,1.9,3
DL,Damon Jose,25,2013,70,61,73,69,69,63,0.5,1
DL,Dennis Tyree,30,2008,64,67,67,65,69,58,0.5,1
LB,Jeremy Russell,25,2013,102,80,75,85,100,76,6.0,2
LB,Mark Darik,30,2007,87,71,55,72,79,80,2.6,3
LB,Roy Johnson,27,2010,60,79,93,70,69,81,2.2,2
LB,Samuel Jack,30,2009,56,65,59,70,56,87,1.7,3
LB,Nate Otis,30,2008,90,80,59,65,67,65,0.5,1
LB,Paul Derrick,27,2011,88,70,58,65,59,65,0.5,1
LB,Marvin Mark,22,2016,88,58,89,58,66,67,0.5,1
LB,Rhys Patrick,31,2007,69,52,51,55,69,62,0.5,1
END_PLAYERS
Arkansas State Red Wolves,ARST
QB,Walter Marvin,29,2008,93,56,57,83,87,85,14.4,1
QB,Tyrell Myers,24,2014,64,77,75,72,70,71,5.7,3
RB,Harold George,29,2008,80,66,72,84,61,87,4.4,2
RB,Marvin Scott,29,2009,92,81,100,67,92,71,4.2,3
RB,Keon Peter,26,2011,65,73,90,72,80,66,3.3,1
RB,Gerald Myers,22,2016,57,69,89,56,64,57,0.5,1
WR,Douglas Luther,33,2006,78,61,92,96,70,69,4.4,3
WR,Carlos Luther,25,2014,103,52,51,87,64,64,3.7,1
WR,Deon Harold,29,2010,85,60,69,73,71,82,3.0,1
WR,Jamaar Arthur,27,2011,51,77,50,74,67,77,3.0,2
WR,Kaynard George,24,2014,54,67,76,66,63,67,0.5,1
WR,David Otis,31,2007,91,71,51,59,58,61,0.5,1
OL,Brian Jason,34,2003,100,88,98,81,88,79,3.5,1
OL,Fred Orlando,30,2007,87,77,98,88,63,79,3.5,3
OL,Jack Harold,31,2006,57,50,82,95,55,59,3.1,3
OL,Umar Ben,33,2004,61,63,76,79,54,97,2.6,2
OL,Robert Jose,25,2012,74,59,84,71,86,75,2.8,1
OL,Wendell Tran,27,2010,86,53,52,77,60,72,2.2,3
OL,Joseph Delroy,29,2009,90,80,80,69,65,61,0.5,1
OL,Ha-Ha Thor,33,2005,82,87,53,66,66,61,0.5,1
OL,Ronald Umar,29,2009,76,68,68,69,56,60,0.5,1
OL,Lebron Raymond,25,2013,71,65,61,67,58,59,0.5,1
K,Bobby Javan,33,2005,89,63,67,71,86,96,1.7,1
K,Wardell Ronald,26,2012,69,64,57,56,55,66,0.5,1
S,Kim Roy,31,2007,103,73,67,71,80,80,3.0,2
S,Charles Ryan,22,2016,81,75,96,64,57,58,0.5,1
CB,Wendell Alwan,25,2013,90,65,75,86,107,78,6.9,4
CB,William Lebron,27,2011,76,66,60,88,68,58,2.8,3
CB,Benton Douglas,27,2011,54,69,100,82,69,59,2.4,2
CB,Ha-Ha Ronald,27,2012,87,74,95,69,87,59,2.0,2
CB,Tupac Blewitt,27,2011,61,55,78,65,61,60,0.5,1
CB,Roy Wayne,29,2009,52,68,52,65,59,58,0.5,1
DL,Hakeem Daniel,25,2013,94,81,67,81,77,82,4.0,3
DL,Brady Lebron,32,2005,102,72,72,75,98,73,3.1,2
DL,Wardell Adam,24,2014,72,57,58,74,82,81,3.3,3
DL,Douglas Billy,27,2012,94,80,52,79,66,69,2.6,1
DL,Lucius Carlos,30,2009,69,68,78,77,75,53,1.9,3
DL,Kendrick Theo,23,2015,61,60,80,71,66,71,2.0,3
DL,Walter Jose,30,2008,92,78,60,62,57,61,0.5,1
DL,Ha-Ha Lebron,27,2011,57,60,92,55,60,64,0.5,1
LB,Joseph Andre,26,2011,81,78,56,88,75,84,5.2,4
LB,Wardell Ronald,31,2006,50,69,55,84,78,52,2.6,3
LB,Nate Jeremy,24,2014,77,56,84,81,63,63,2.6,2
LB,Douglas Patrick,21,2016,51,56,90,73,57,74,2.2,3
LB,Theo Ronald,31,2007,88,70,57,67,67,62,0.5,1
LB,Luther Carlos,25,2013,80,81,79,66,64,64,0.5,1
LB,Rondall Jerry,33,2005,79,80,64,67,55,64,0.5,1
LB,Steven Lucius,29,2009,86,57,89,69,56,55,0.5,1
END_PLAYERS
Louisiana-Lafayette Ragin Cajuns,ULL
QB,Joseph Delroy,28,2009,95,82,68,81,75,75,8.2,1
QB,Randall Wayne,30,2007,63,64,80,74,72,79,6.2,2
QB,Jamaar Omarr,27,2012,105,60,79,77,67,79,6.2,3
RB,Trayvon Lamar,30,2007,72,69,61,84,84,88,6.6,3
RB,Kaynard Jahquil,28,2009,86,57,60,63,78,76,3.3,1
RB,Thomas Harold,28,2009,66,70,65,67,88,56,2.8,3
RB,Henry George,22,2016,93,54,55,68,64,66,0.5,1
WR,Javan Quinton,24,2015,71,70,64,87,90,64,5.5,4
WR,Bobby Tim,32,2006,82,62,77,73,85,75,3.2,1
WR,Michael Javan,26,2013,99,78,54,77,66,80,3.5,3
WR,Shawnte Jeremy,30,2008,85,59,91,70,74,72,2.3,2
WR,Derrick Eric,27,2011,50,50,56,55,66,67,0.5,1
WR,Roy Cordell,30,2008,71,58,92,61,56,65,0.5,1
OL,Squires Squires,32,2007,100,66,50,90,67,75,3.7,1
OL,Tyrell Andre,27,2011,58,60,81,94,72,54,4.0,2
OL,Edward Wayne,32,2006,92,78,61,90,65,60,3.1,2
OL,Deon Kaynard,32,2005,95,77,67,76,66,92,2.8,2
OL,Lucius Douglas,24,2013,84,65,74,77,71,70,2.8,1
OL,Joseph Michael,23,2015,53,50,87,83,55,57,2.4,1
OL,Jimmy Rodell,26,2012,52,59,50,68,67,68,0.5,1
OL,Donald Ben,30,2008,60,71,68,67,68,55,0.5,1
OL,Dexter Henry,32,2006,53,65,71,57,63,68,0.5,1
OL,Eli Paul,31,2007,89,64,50,56,57,62,0.5,1
K,Clayton Jose,26,2011,93,71,58,84,73,61,2.1,3
K,Lavon Russell,25,2013,88,71,89,61,61,57,0.5,1
S,Clifton Spike,31,2007,83,60,77,73,89,67,3.0,2
S,Jeremy Malik,26,2012,55,71,100,58,56,58,0.5,1
CB,Thomas Darik,35,2002,79,62,56,87,66,82,3.1,4
CB,Douglas Omarr,33,2005,50,50,65,86,69,78,2.9,2
CB,Matthew Aaron,21,2016,81,62,51,78,83,62,3.1,1
CB,Brian Steven,23,2014,90,70,59,63,69,89,2.2,2
CB,David Talin,28,2010,96,66,73,66,67,81,1.9,2
CB,Arthur Kim,33,2005,51,70,77,69,62,61,0.5,1
DL,Otis Malik,31,2008,96,80,61,103,75,65,6.4,4
DL,Joseph Javan,24,2013,89,63,50,79,69,77,3.1,3
DL,Charles Tyree,27,2011,68,62,56,75,82,64,2.6,3
DL,Charles Lee,28,2009,88,62,69,71,68,83,2.2,3
DL,Blewitt Albert,26,2013,103,71,63,65,73,83,1.9,3
DL,Wardell Jahquil,32,2006,56,71,59,63,65,66,0.5,1
DL,Tre Randall,24,2014,50,51,84,66,57,66,0.5,1
DL,Tyrell Damon,31,2007,50,67,62,61,59,55,0.5,1
LB,Jack Myers,32,2005,99,77,58,88,79,78,4.0,1
LB,Lee Benton,30,2007,86,77,56,79,78,73,2.9,1
LB,Wendell Patrick,26,2013,89,64,50,78,68,59,2.2,2
LB,Peter Kobe,30,2008,102,72,51,69,76,72,1.9,3
LB,Tre Gerald,23,2015,68,59,78,68,67,65,0.5,1
LB,Justin Rondall,22,2016,52,62,65,64,63,69,0.5,1
LB,Andrew Rodell,29,2009,66,77,50,64,60,69,0.5,1
LB,Brian Eric,33,2005,52,70,100,60,58,57,0.5,1
END_PLAYERS
Louisiana-Monroe Warhawks,ULM
QB,Lavon Rondall,30,2007,61,63,96,65,85,67,7.2,2
QB,Eli Cordell,23,2014,59,63,74,63,88,57,7.7,1
QB,Henry Thor,22,2015,50,66,84,93,58,60,6.7,1
RB,Wardell Spike,32,2005,78,56,50,88,81,86,6.3,1
RB,Russell Blewitt,25,2014,92,54,54,56,94,68,3.6,1
RB,Russell Justin,27,2012,64,72,72,67,74,69,2.8,2
RB,Beckham Hunter,33,2005,59,52,81,62,59,57,0.5,1
WR,Jahquil Spike,31,2007,75,53,92,92,76,72,5.0,2
WR,Joe Kevin,32,2005,72,78,70,73,70,115,4.7,4
WR,Hunter Tyronne,28,2011,95,81,67,76,67,65,2.6,3
WR,Umar Clifton,26,2011,70,79,61,69,75,70,2.3,3
WR,Bruce Paul,30,2008,55,75,85,66,67,68,0.5,1
WR,James Ronald,26,2012,77,52,74,66,56,66,0.5,1
OL,Spike Odell,31,2007,91,74,89,89,68,79,3.7,3
OL,Wardell Clifton,33,2005,97,71,82,81,73,92,3.3,2
OL,Clifton Scott,27,2010,104,61,73,78,84,80,3.5,2
OL,Dennis Squires,30,2009,65,73,52,82,82,59,2.9,2
OL,Delroy Rhys,28,2011,72,67,106,67,91,78,2.6,3
OL,Blewitt Gerald,28,2010,97,58,60,67,73,84,2.0,2
OL,Vashan Harry,29,2009,79,53,51,68,76,74,1.7,1
OL,Long George,25,2013,86,68,84,67,64,57,0.5,1
OL,Jahquil Terry,33,2005,82,77,72,60,67,69,0.5,1
OL,Dennis Rufus,31,2007,86,63,70,58,60,59,0.5,1
K,Tran Dajon,31,2007,76,68,97,78,75,86,1.6,3
K,Tupac Manning,29,2009,50,50,63,61,60,58,0.5,1
S,Donald David,31,2007,79,56,83,58,95,91,3.0,1
S,Jimmy Edward,29,2009,53,67,94,59,58,67,0.5,1
CB,Ronald Frank,30,2008,91,62,59,79,80,83,3.5,4
CB,Odell Patrick,33,2004,66,78,50,89,66,75,2.9,3
CB,Otis Douglas,36,2002,94,65,51,86,71,70,2.6,3
CB,Peyton Marvin,26,2011,71,75,71,75,60,77,2.0,1
CB,Peter Talin,23,2015,93,71,69,59,56,69,0.5,1
CB,Russell Wayne,29,2009,50,55,77,56,58,60,0.5,1
DL,Adam Damian,29,2010,74,65,65,86,73,61,3.1,1
DL,Theo Jeremy,27,2010,66,55,81,71,80,92,3.1,3
DL,Nguyen Albert,31,2007,91,86,71,70,75,96,2.6,1
DL,Dennis Benton,27,2012,100,67,71,71,87,78,2.8,1
DL,Jarvis Andre,26,2013,66,52,62,72,80,71,2.4,2
DL,Michael Theo,26,2012,53,60,54,76,57,68,1.9,3
DL,Kobe Benton,27,2011,90,77,55,56,66,64,0.5,1
DL,Tyrell Omari,24,2014,61,71,94,58,64,58,0.5,1
LB,James David,25,2013,92,65,56,103,74,63,6.9,2
LB,Isaac Carl,23,2016,70,61,86,83,56,67,2.8,3
LB,Joseph Nguyen,24,2014,81,74,66,71,83,65,2.4,1
LB,Aaron Dick,22,2016,66,76,69,65,75,80,2.2,2
LB,Anthony Dirk,22,2016,85,54,93,65,60,67,0.5,1
LB,Ha-Ha Thor,22,2016,98,67,99,62,66,60,0.5,1
LB,Malik Otis,32,2006,71,62,50,60,57,60,0.5,1
LB,Jason Randall,27,2011,71,68,75,55,58,60,0.5,1
END_PLAYERS
Troy Trojans,TROY
QB,Tim Tim,31,2007,93,82,87,111,76,71,16.7,1
QB,Peter Dequain,23,2015,54,75,54,55,69,66,0.5,1
RB,Kaynard Isaac,26,2013,80,77,86,71,63,95,4.4,1
RB,Long Johnson,30,2009,73,61,62,66,88,70,3.6,2
RB,Fred Rufus,24,2015,83,70,57,63,84,74,3.9,3
RB,Thor Justin,25,2013,55,71,82,62,68,62,0.5,1
WR,Draymond Matthew,26,2013,92,77,55,88,87,80,7.1,2
WR,Paul Jordan,25,2012,98,59,87,81,78,85,5.0,2
WR,Darik Adrian,26,2011,62,51,73,68,95,58,2.8,3
WR,Joseph Kevin,29,2010,65,70,50,64,70,82,2.1,1
WR,Deon James,29,2009,72,71,80,62,65,66,0.5,1
WR,Vashan Harry,26,2012,74,62,60,60,65,69,0.5,1
OL,Jahquil Johnson,30,2008,80,78,60,92,67,68,3.7,4
OL,Ben Scott,23,2015,80,54,70,90,74,63,4.2,3
OL,Roman Hunter,29,2009,82,59,50,89,63,67,3.3,3
OL,Randall Walter,30,2009,75,76,53,81,78,66,2.9,2
OL,Harold Justin,23,2015,90,70,53,77,56,87,2.8,2
OL,Trayvon Trayvon,29,2009,87,62,55,73,73,63,1.9,3
OL,Deon Donald,22,2015,82,69,89,71,84,56,2.2,2
OL,Patrick Arthur,24,2014,98,76,97,69,64,66,0.5,1
OL,Clifton Brady,32,2006,50,72,65,63,59,57,0.5,1
OL,Justin Nguyen,29,2009,81,52,50,58,65,57,0.5,1
K,Kobe Manning,34,2003,72,55,57,62,88,81,1.4,2
K,Eric Ben,31,2007,93,87,52,59,62,69,0.5,1
S,Aaron Omari,31,2007,74,68,82,56,66,62,0.5,1
S,Jamaar Perry,27,2011,71,73,68,63,58,55,0.5,1
CB,David Kendrick,24,2013,97,60,83,92,71,65,4.0,4
CB,John Richard,30,2008,77,50,79,82,81,72,3.3,2
CB,Brian Randall,22,2015,75,50,78,82,79,71,3.7,3
CB,Henry Brady,28,2009,97,63,99,66,72,81,2.0,3
CB,Scott Eric,28,2010,73,66,83,67,68,58,0.5,1
CB,Shawnte Roman,24,2014,72,52,86,65,56,62,0.5,1
DL,Blewitt Juan,33,2004,57,50,77,85,85,51,2.8,3
DL,Edward Nguyen,25,2012,80,51,71,78,85,70,3.3,1
DL,Reggie Jack,32,2005,87,68,69,92,50,56,2.6,2
DL,Perry Draymond,30,2009,71,51,68,71,100,62,2.6,2
DL,Rondall Perry,26,2012,85,63,72,71,73,79,2.4,2
DL,Jason Rufus,23,2014,98,67,59,75,61,68,2.0,1
DL,Alwan Thomas,32,2006,50,55,70,61,66,68,0.5,1
DL,Lamar Paul,29,2009,50,54,61,55,69,57,0.5,1
LB,Dennis Harry,26,2011,68,66,85,95,62,77,5.2,1
LB,Clayton Hunter,31,2006,79,79,84,83,76,58,2.6,3
LB,Joe Jose,27,2010,80,66,87,78,60,79,2.6,2
LB,Brady Lebron,28,2010,82,60,94,69,75,74,2.0,1
LB,Rufus Dennis,22,2016,67,62,78,67,67,63,0.5,1
LB,Jimmy Jimmy,27,2011,98,55,62,68,59,61,0.5,1
LB,Harry Hakeem,28,2010,84,67,54,59,65,69,0.5,1
LB,Odell Charles,28,2010,79,72,92,59,66,56,0.5,1
END_PLAYERS
Idaho Vandals,IDHO
QB,Theo Damarco,25,2012,83,72,86,95,62,65,7.7,1
QB,Hakeem Harold,23,2015,73,54,52,78,74,60,7.2,1
QB,Vashan Rufus,30,2007,75,51,76,71,74,74,5.7,1
RB,Juan Dirk,25,2012,88,55,95,79,90,72,6.0,1
RB,Roy Randall,24,2015,99,55,59,70,82,64,3.6,1
RB,John Joseph,28,2010,73,51,85,73,86,56,3.1,2
RB,Roy Wardell,29,2009,91,82,85,67,63,60,0.5,1
WR,Paul Shawnte,28,2009,97,82,50,103,80,68,8.0,3
WR,Trayvon Perry,26,2012,78,59,75,74,92,86,5.0,3
WR,Eric Derrick,30,2007,52,57,51,64,91,68,2.3,1
WR,Deon David,32,2006,83,53,54,68,67,58,0.5,1
WR,Fred Carnell,31,2007,73,68,75,64,58,65,0.5,1
WR,Jahquil Tim,31,2007,82,62,50,55,56,58,0.5,1
OL,Michael Tim,27,2011,93,75,64,88,84,77,5.7,3
OL,Patrick Samuel,31,2006,86,61,73,92,64,72,3.7,4
OL,Edward Patrick,36,2003,90,57,57,80,75,71,2.4,3
OL,Lee Dontrell,32,2006,68,66,81,78,82,60,2.4,2
OL,Jamaar Juan,23,2015,79,74,76,84,58,60,2.8,2
OL,Thor George,27,2010,93,80,85,72,71,72,2.0,2
OL,Edward Talin,23,2014,61,64,50,72,62,74,2.0,3
OL,Derrick Charles,32,2006,74,59,84,69,68,64,0.5,1
OL,Anthony Orlando,24,2014,90,60,96,69,60,66,0.5,1
OL,Perry Tyrell,27,2011,75,70,50,67,69,57,0.5,1
K,Eric Larry,28,2009,75,58,61,84,75,73,2.1,1
K,Clifton Jose,22,2015,85,69,68,86,67,63,2.1,1
S,Ha-Ha Spike,26,2011,74,63,79,76,66,63,2.3,3
S,Roman Andrew,28,2010,71,78,68,66,61,58,0.5,1
CB,Trayvon Jose,30,2009,83,63,60,85,86,67,3.5,3
CB,Ralph Derrick,26,2011,92,67,91,84,79,70,3.5,1
CB,Charles Roy,33,2005,96,65,68,62,115,73,2.8,2
CB,Dontrell Johnson,26,2011,68,62,57,64,91,64,1.9,1
CB,Peter Mark,26,2012,96,81,59,67,69,63,0.5,1
CB,Spike Isaac,25,2013,53,59,99,61,56,67,0.5,1
DL,Carl Peyton,28,2010,55,56,73,82,74,74,3.1,3
DL,Kim Bruce,31,2007,88,62,100,82,56,85,2.8,1
DL,Henry Terry,29,2009,77,65,77,80,64,76,2.8,1
DL,Rodell Joseph,31,2007,70,53,64,68,98,77,2.4,2
DL,Clayton Roman,28,2010,73,59,57,78,59,70,2.2,2
DL,Wayne Otis,26,2012,80,68,80,68,64,60,0.5,1
DL,William Steven,23,2015,79,65,101,66,60,65,0.5,1
DL,Russell William,24,2014,50,64,59,59,61,57,0.5,1
LB,Hunter Alan,31,2006,85,55,76,84,80,91,4.2,2
LB,Kaynard Spike,26,2011,83,63,88,84,58,70,2.9,2
LB,Jordan Scott,29,2010,78,80,84,68,88,81,2.4,2
LB,Jason Arthur,23,2014,86,55,62,75,70,62,2.2,2
LB,Donald Alwan,28,2010,53,56,57,66,66,64,0.5,1
LB,Beckham Vashan,24,2014,81,69,50,60,62,63,0.5,1
LB,Delroy Terry,28,2010,78,50,52,61,59,57,0.5,1
LB,Cordell Alwan,24,2014,54,65,50,58,62,62,0.5,1
END_PLAYERS
New Mexico State Aggies,NMSU
QB,Harry Orlando,23,2014,50,67,50,61,87,71,8.2,2
QB,Perry Carnell,30,2007,57,59,100,57,89,69,6.7,1
QB,Tyrell Brian,24,2015,74,67,91,80,71,57,6.7,1
RB,Reggie Tyrell,26,2011,94,64,85,90,72,87,6.6,3
RB,Perry Hunter,26,2011,66,58,74,91,59,71,3.6,3
RB,Roy Eli,28,2010,56,65,101,70,60,81,2.8,3
RB,Brian Shawnte,22,2016,88,67,96,58,58,65,0.5,1
WR,Joshua Alan,31,2006,50,50,73,98,66,81,5.5,4
WR,Patrick Gerald,25,2013,58,54,62,76,83,63,3.5,2
WR,Larry Patrick,28,2009,50,72,55,76,69,70,2.8,2
WR,Clayton Darik,22,2015,93,68,85,66,83,70,3.0,2
WR,Nguyen Carnell,25,2012,53,54,56,64,95,60,2.6,3
WR,Tim Charles,29,2009,101,70,60,64,60,56,0.5,1
OL,Wendell Daniel,30,2008,58,59,62,87,74,75,3.7,3
OL,David Clayton,32,2007,84,70,59,75,81,103,3.5,4
OL,Dexter Alan,33,2004,96,54,79,83,78,70,2.9,2
OL,Tran Rhys,26,2011,75,67,50,84,64,65,2.9,3
OL,Adrian Delroy,21,2016,79,61,73,69,89,82,3.1,1
OL,Andre Darik,26,2013,83,54,59,70,64,84,2.0,3
OL,Wardell Dontrell,30,2008,75,54,87,69,72,73,1.7,3
OL,Ronald Umar,31,2007,74,59,94,62,68,63,0.5,1
OL,Johnson Scott,26,2012,97,61,86,60,59,67,0.5,1
OL,Ronald Russell,28,2010,53,63,56,55,67,67,0.5,1
K,Dequain Malik,30,2009,103,69,73,68,78,60,1.4,1
K,Orlando Dirk,28,2010,67,53,88,63,79,62,1.3,1
S,Lavon Damian,30,2007,93,84,84,92,77,92,7.5,1
S,Orlando Tim,27,2011,51,77,64,62,69,68,0.5,1
CB,Terry Lebron,26,2011,94,71,58,84,67,81,3.5,2
CB,Isaac Jason,31,2006,82,56,50,70,107,66,2.9,2
CB,Cordell Adrian,29,2008,75,79,88,78,76,77,2.9,3
CB,Manning Thor,30,2008,92,70,67,63,74,84,1.9,3
CB,Omarr Javan,30,2009,77,64,94,75,65,67,1.7,3
CB,Joseph Lee,22,2016,96,65,72,60,68,61,0.5,1
DL,Alan Rodell,30,2008,89,60,91,84,88,64,3.5,4
DL,Nguyen Fred,25,2013,54,51,99,86,61,73,3.5,1
DL,Jarvis Alan,32,2005,86,72,70,82,69,74,2.8,1
DL,Declan Greally,29,2010,62,50,67,83,67,60,2.6,3
DL,Lebron Dennis,27,2011,55,55,75,63,84,79,1.9,2
DL,Rufus Omari,28,2010,89,56,52,59,56,65,0.5,1
DL,Roman Shawnte,23,2015,80,56,79,57,67,61,0.5,1
DL,Billy Jason,29,2009,94,57,85,55,62,65,0.5,1
LB,Squires Tran,27,2011,78,55,51,86,81,80,4.4,4
LB,Raymond Andrew,32,2007,84,71,109,78,86,64,2.6,3
LB,Justin Ralph,30,2007,57,72,66,67,87,82,2.4,3
LB,Marvin Andre,30,2008,90,67,50,68,62,67,0.5,1
LB,Matthew Jason,28,2010,73,59,79,66,60,61,0.5,1
LB,Andre Juan,27,2011,81,57,65,63,67,58,0.5,1
LB,Clifton Darik,27,2011,66,52,62,64,58,62,0.5,1
LB,Daniel Odell,28,2010,59,67,93,59,56,61,0.5,1
END_PLAYERS
South Alabama Jaguars,USA
QB,Draymond Lee,31,2008,93,76,61,82,72,67,6.7,1
QB,Charles Paul,24,2014,75,72,98,84,71,56,7.7,3
QB,Odell Alwan,25,2013,99,78,87,60,82,73,6.7,3
RB,Ralph Kaynard,34,2004,88,66,50,82,76,84,4.7,3
RB,Adrian John,26,2011,93,81,98,64,82,75,3.6,3
RB,Joshua Andrew,30,2007,63,75,86,74,65,75,2.8,2
RB,Wayne Spike,31,2007,50,54,50,58,59,69,0.5,1
WR,Matthew Henry,29,2009,94,74,79,80,85,87,5.2,3
WR,Kevin Dajon,32,2007,102,87,72,91,72,77,4.7,2
WR,Harry Lee,22,2015,81,77,50,72,68,77,3.2,2
WR,Bruce Arthur,26,2011,82,76,51,63,69,87,2.3,3
WR,Dick Kevin,23,2015,67,68,101,69,60,58,0.5,1
WR,Damon Derrick,31,2007,51,69,88,63,61,56,0.5,1
OL,Mark Thomas,30,2007,78,58,55,89,82,77,4.4,3
OL,Joe Jordan,25,2014,78,78,76,76,79,99,4.0,2
OL,David Perry,32,2006,85,75,54,81,74,69,2.8,1
OL,Clifton Jerry,27,2011,69,67,103,81,67,72,2.9,3
OL,Orlando Bobby,28,2011,67,51,84,68,93,77,2.6,3
OL,Dexter Jordan,25,2014,59,55,80,68,63,90,2.2,2
OL,Lucius Keon,25,2014,96,68,56,75,64,65,2.0,3
OL,Reggie Dexter,24,2014,79,69,83,69,55,69,0.5,1
OL,Wardell Scott,27,2011,55,56,56,64,58,58,0.5,1
OL,Dennis Odell,25,2013,70,50,101,57,69,57,0.5,1
K,Frank Blewitt,27,2011,88,50,70,58,88,85,1.5,3
K,James Lamar,30,2009,68,62,54,58,85,81,1.1,2
S,Omari Harry,28,2009,91,58,55,75,68,83,3.5,2
S,Charles Carlos,32,2006,64,56,52,67,57,59,0.5,1
CB,Joshua Ronald,28,2010,94,73,69,92,95,74,6.4,1
CB,Tim Vashan,31,2008,98,53,73,79,68,88,2.9,3
CB,Dajon Anthony,27,2012,85,70,52,74,75,67,2.2,2
CB,Long Otis,26,2012,96,73,66,81,59,60,1.9,2
CB,Richard Michael,29,2009,68,77,52,64,68,61,0.5,1
CB,Trayvon Dajon,29,2009,74,54,84,60,66,69,0.5,1
DL,Damian Lee,26,2013,88,67,53,89,71,66,3.7,1
DL,Malik Gerald,24,2015,70,74,73,88,59,74,3.7,3
DL,Ben Wayne,25,2012,78,69,65,80,69,77,3.3,3
DL,Anthony Lebron,25,2012,74,55,94,73,68,86,2.8,3
DL,Adam Frank,30,2007,69,54,53,69,76,72,1.9,1
DL,Jeremy James,23,2015,87,66,86,68,64,67,0.5,1
DL,Clifton Dexter,26,2012,81,67,70,61,62,63,0.5,1
DL,Wardell Tyronne,33,2005,62,61,52,59,63,62,0.5,1
LB,Peter Robert,31,2007,77,60,50,90,68,66,3.3,2
LB,Justin Roman,28,2011,55,70,55,82,70,77,3.1,1
LB,Dontrell Odell,29,2009,59,62,89,74,74,86,2.8,3
LB,Hakeem Alan,29,2010,86,57,90,73,79,77,2.6,1
LB,David Orlando,31,2007,87,60,77,67,65,68,0.5,1
LB,Long Damarco,27,2011,80,64,94,68,66,57,0.5,1
LB,Dexter Alan,32,2006,105,84,83,60,60,65,0.5,1
LB,Jeremy Talin,29,2009,50,51,64,60,61,59,0.5,1
END_PLAYERS
Texas State Bobcats,TXST
QB,Steven Edward,21,2016,89,59,66,93,66,64,8.7,3
QB,Bruce Tre,28,2011,87,68,73,70,78,72,7.2,3
QB,Jeremy Clifton,25,2012,67,74,89,64,78,72,6.7,2
RB,Hunter Billy,28,2010,84,56,57,79,94,67,5.3,1
RB,Reggie Jarvis,28,2010,52,76,52,80,60,79,3.6,1
RB,Peter Eli,28,2010,63,78,81,66,57,91,3.1,1
RB,Tupac Tre,23,2015,61,64,83,68,64,69,0.5,1
WR,Damon Rufus,25,2013,57,73,95,79,83,90,5.2,4
WR,Jarvis Perry,32,2007,100,66,51,89,75,73,4.4,4
WR,Reggie Manning,25,2012,102,80,79,71,67,79,3.0,1
WR,Kim Clayton,27,2010,56,50,72,55,87,86,2.3,2
WR,Rodell Joshua,23,2015,88,76,53,68,67,65,0.5,1
WR,Rondall Damian,23,2015,105,65,57,65,63,61,0.5,1
OL,William Kaynard,31,2006,69,52,68,94,71,73,4.4,2
OL,Roman Darik,25,2013,66,59,87,83,91,79,4.4,4
OL,Kevin Clayton,27,2010,93,63,71,70,86,89,3.1,1
OL,Peyton Arthur,28,2009,76,55,75,80,75,61,2.8,2
OL,Reggie Paul,27,2010,95,61,77,69,76,82,2.4,2
OL,Matthew Rodell,30,2009,71,66,83,73,74,65,1.9,2
OL,Roy Ryan,25,2012,64,58,58,76,67,55,2.0,3
OL,Nate Damon,26,2012,74,52,50,66,56,63,0.5,1
OL,Tre Jordan,25,2013,79,73,79,64,55,60,0.5,1
OL,Larry Hunter,33,2005,84,69,87,57,60,55,0.5,1
K,Adam Damon,26,2012,58,57,76,83,69,69,1.8,3
K,Shawnte Bobby,26,2013,93,59,59,77,64,73,1.1,2
S,Harry Omari,24,2014,64,64,95,63,63,61,0.5,1
S,Arthur Omari,26,2012,69,78,83,59,68,61,0.5,1
CB,Jordan George,29,2010,83,68,52,97,85,73,6.4,2
CB,Hakeem Ben,29,2009,57,75,90,84,76,70,3.1,1
CB,William Wayne,27,2011,83,70,83,62,81,84,2.2,1
CB,Justin Russell,26,2013,84,70,68,75,74,61,2.0,2
CB,Shawnte Randall,29,2009,62,53,54,67,63,66,0.5,1
CB,Kevin Dexter,27,2011,50,54,70,64,59,65,0.5,1
DL,James Shawnte,30,2009,94,81,85,87,59,83,3.5,3
DL,Eli Terry,22,2016,96,58,62,95,55,58,4.0,3
DL,Carnell Jack,23,2014,67,50,74,80,65,81,3.3,3
DL,Scott Dexter,30,2007,99,62,86,75,68,81,2.4,2
DL,Carl Otis,23,2016,90,52,97,73,67,72,2.2,3
DL,Beckham Patrick,22,2016,96,72,63,63,62,69,0.5,1
DL,Bobby Joshua,24,2014,67,55,86,58,65,61,0.5,1
DL,Damon Odell,26,2012,91,79,101,55,62,60,0.5,1
LB,Harry John,36,2002,90,89,65,92,64,62,2.9,4
LB,Fred Jose,33,2005,77,66,67,85,65,73,2.8,2
LB,Long Matthew,23,2015,67,55,56,87,63,57,3.1,1
LB,Larry Jimmy,36,2002,99,81,50,68,92,80,2.2,1
LB,Spike Walter,29,2009,81,52,74,62,68,61,0.5,1
LB,Jack Adam,31,2007,63,51,80,62,56,69,0.5,1
LB,Cordell Theo,23,2015,90,69,57,59,65,69,0.5,1
LB,Billy Lucius,29,2009,55,73,72,60,55,68,0.5,1
END_PLAYERS
Fudan Dragoons,FUDAN
QB,Davis Roberts,24,2014,150,50,50,55,55,55,4.5,30
QB,Anthony Quan,22,2013,45,30,35,30,35,35,3.0,20
RB,Eric Zhang,20,2015,100,50,50,50,50,50,3.2,20
RB,Arno Hennard,20,2016,100,50,50,50,50,50,2.5,20
RB,Jerry Huang,21,2013,100,50,10,52,52,52,2.0,20
RB,Byron Murphy,27,2014,80,60,85,35,30,35,0.5,20
WR,Martin Amethier,20,2015,150,100,100,65,65,65,6.5,25
WR,Nigel Donald,21,2016,100,100,100,67,67,67,6.0,25
WR,Justin Karch,22,2015,80,100,100,50,50,50,1.0,20
WR,Sean Stamm,21,2015,90,100,100,52,52,52,1.0,20
WR,Frederick Graf,20,2016,70,100,100,45,45,45,1.0,20
WR,Yang Zhi,27,2009,85,75,75,40,40,45,0.5,20
WR,Nicolai Schmauder,21,2014,75,75,60,45,50,50,2.0,20
WR,Kai Nishimura,20,2015,65,65,50,25,40,30,0.5,20
OL,Andre Lu,29,2008,100,100,100,55,55,55,5.0,20
OL,Joe Baker,34,2016,80,100,75,50,50,50,3.1,20
OL,Zhang Zhihang,28,2009,85,100,80,45,45,45,2.0,20
OL,Kashirin Luka,24,2014,80,100,100,40,40,40,1.5,20
OL,Julius Xu,26,2010,50,55,75,30,30,30,2.0,20
OL,Jacob Kambuta,37,2014,76,50,70,30,30,30,2.0,20
OL,John Quinn,21,2016,70,80,80,50,50,50,0.5,20
OL,Truman Han,27,2009,80,100,100,48,48,48,0.5,20
OL,Daniel Lo,20,2014,90,100,100,50,50,50,0.5,20
OL,Qin Sheng,20,2015,65,55,80,45,36,36,0.5,20
K,Ryan Pino,24,2016,76,100,100,60,60,60,3.5,20
S,Tyler Adametz,25,2014,90,100,100,60,60,60,4.2,20
S,Omar Fuertes,25,2015,65,75,60,35,35,35,0.5,20
S,Charles Peng,23,2011,70,100,100,45,45,45,0.5,20
CB,Chinese Tim,27,2016,85,100,100,50,50,50,2.8,20
CB,Tim Butterfield,25,2016,75,100,100,45,45,45,2.3,20
CB,Daniel Xi,22,2013,60,65,75,30,35,30,0.5,20
CB,Tony Hu,21,2013,60,70,75,30,35,30,0.5,20
CB,Israel Polo,23,2015,65,100,100,40,45,45,1.3,20
CB,Sebastian Pfeiffer,22,2015,75,100,100,45,45,45,3.0,20
DL,Chao Xu,22,2013,75,100,100,45,45,45,3.2,20
DL,Quentin Montanari,23,2015,100,100,100,55,55,55,2.6,20
DL,Kyle Prince,21,2016,60,100,100,40,40,40,0.6,20
DL,ZD Ding,29,2008,60,100,100,50,50,50,2.2,20
DL,Yang Zhao,26,2010,40,65,70,30,36,35,0.5,20
DL,Maciek Mojsak,22,2015,70,65,85,40,40,40,0.5,20
DL,Timofei Mamontov,23,2014,100,100,100,50,50,50,0.5,20
DL,Theodore Zhao,21,2015,55,65,75,40,35,35,0.5,20
LB,Lie Fjellberg,23,2015,90,100,100,57,57,57,5.5,20
LB,Jamal Cole,27,2016,100,100,100,60,60,60,3.5,20
LB,Osaka Shota,28,2015,105,100,100,60,53,57,2.4,20
LB,Ashton Jiang,22,2015,80,100,100,50,50,50,2.6,20
LB,Robert Zhang,28,2008,90,100,100,55,55,45,0.5,20
LB,Diego Lichtervelde,22,2015,85,100,100,55,50,45,0.5,20
LB,Billy Zhou,28,2010,60,100,100,40,40,40,0.5,20
LB,Ivan Armandy,29,2014,65,75,78,40,40,40,0.5,20
END_PLAYERS
Nanjing Emperor-Kings,NAN
QB,Larry Adams,25,2012,55,40,60,40,40,40,5.7,20
QB,Harry Dennis,28,2011,55,40,60,40,40,40,5.7,20
RB,Umar Ryan,29,2009,55,40,60,40,40,40,5.7,20
RB,Long Wardell,25,2013,55,40,60,40,40,40,5.7,20
RB,Long Umar,32,2006,55,40,60,40,40,40,5.7,20
RB,Dequain James,30,2008,55,40,60,40,40,40,5.7,20
WR,Justin Douglas,27,2011,55,40,60,40,40,40,5.7,20
WR,Adam Nguyen,32,2006,55,40,60,40,40,40,5.7,20
WR,Tim Frank,31,2007,55,40,60,40,40,40,5.7,20
WR,Larry Cordell,23,2016,55,40,60,40,40,40,5.7,20
WR,Umar Dontrell,31,2007,55,40,60,40,40,40,5.7,20
WR,Thomas Luther,31,2007,55,40,60,40,40,40,5.7,20
OL,Tyree Tre,31,2006,55,40,60,40,40,40,5.7,20
OL,Larry Roman,22,2015,55,40,60,40,40,40,5.7,20
OL,Umar Isaac,26,2013,55,40,60,40,40,40,5.7,20
OL,Andrew Lucius,23,2014,55,40,60,40,40,40,5.7,20
OL,Ben Luther,29,2008,55,40,60,40,40,40,5.7,20
OL,Carl Edward,23,2014,55,40,60,40,40,40,5.7,20
OL,Adrian Tre,28,2010,55,40,60,40,40,40,5.7,20
OL,Justin Perry,28,2010,55,40,60,40,40,40,5.7,20
OL,Andrew Tran,24,2014,55,40,60,40,40,40,5.7,20
OL,Luther Wendell,24,2014,55,40,60,40,40,40,5.7,20
K,Umar Tyronne,30,2009,55,40,60,40,40,40,5.7,20
K,Damarco Steven,25,2013,55,40,60,40,40,40,5.7,20
S,Jahquil Peyton,27,2010,55,40,60,40,40,40,5.7,20
S,Lavon Frank,28,2010,55,40,60,40,40,40,5.7,20
CB,Otis Peter,32,2005,55,40,60,40,40,40,5.7,20
CB,Lebron Delroy,28,2009,55,40,60,40,40,40,5.7,20
CB,Tran Jerry,26,2013,55,40,60,40,40,40,5.7,20
CB,Tyrell Clifton,25,2014,55,40,60,40,40,40,5.7,20
CB,Theo Jerry,26,2011,55,40,60,40,40,40,5.7,20
CB,Juan Shawnte,26,2012,55,40,60,40,40,40,5.7,20
DL,Hei Long,21,2015,100,80,90,70,70,70,5.7,20
DL,Thomas Daniel,31,2006,55,40,60,40,40,40,5.7,20
DL,Henry Tran,34,2003,55,40,60,40,40,40,5.7,20
DL,Beckham Carnell,31,2006,55,40,60,40,40,40,5.7,20
DL,Gerald Adrian,26,2011,55,40,60,40,40,40,5.7,20
DL,Tyronne Lebron,27,2011,55,40,60,40,40,40,5.7,20
DL,Russell Roman,27,2011,55,40,60,40,40,40,5.7,20
DL,Joseph Roman,30,2008,55,40,60,40,40,40,5.7,20
LB,Fred Rodell,30,2007,55,40,60,40,40,40,5.7,20
LB,Clifton James,23,2016,55,40,60,40,40,40,5.7,20
LB,Fred Roman,29,2010,55,40,60,40,40,40,5.7,20
LB,Orlando Alwan,33,2005,55,40,60,40,40,40,5.7,20
LB,Joseph Kobe,30,2008,55,40,60,40,40,40,5.7,20
LB,Bobby Dick,25,2013,55,40,60,40,40,40,5.7,20
LB,Charles Kevin,31,2007,55,40,60,40,40,40,5.7,20
LB,Javan Rufus,31,2007,55,40,60,40,40,40,5.7,20
END_PLAYERS
Beijing Iron Brothers,BEI
QB,William Walter,30,2007,50,40,60,35,35,35,5.7,20
QB,Beckham Kobe,29,2009,50,40,60,35,35,35,5.7,20
RB,Mark Kim,27,2011,50,40,60,35,35,35,5.7,20
RB,Lee Tim,24,2014,50,40,60,35,35,35,5.7,20
RB,Tim Perry,26,2011,50,40,60,35,35,35,5.7,20
RB,Lee Walter,30,2008,50,40,60,35,35,35,5.7,20
WR,Jimmy George,27,2011,50,40,60,35,35,35,5.7,20
WR,Jimmy Douglas,30,2007,50,40,60,35,35,35,5.7,20
WR,Tim Frank,30,2008,50,40,60,35,35,35,5.7,20
WR,Reggie Wayne,30,2008,50,40,60,35,35,35,5.7,20
WR,Carl Clayton,24,2013,50,40,60,35,35,35,5.7,20
WR,Russell Carnell,32,2006,50,40,60,35,35,35,5.7,20
OL,Beckham Adrian,34,2004,50,40,60,35,35,35,5.7,20
OL,Eli Roy,26,2011,50,40,60,35,35,35,5.7,20
OL,Jordan Alwan,25,2012,50,40,60,35,35,35,5.7,20
OL,Paul Richard,30,2008,50,40,60,35,35,35,5.7,20
OL,Adrian Justin,27,2012,50,40,60,35,35,35,5.7,20
OL,Omarr Blewitt,26,2011,50,40,60,35,35,35,5.7,20
OL,Luther Dexter,27,2012,50,40,60,35,35,35,5.7,20
OL,Ryan Dennis,27,2011,50,40,60,35,35,35,5.7,20
OL,Beckham Larry,28,2010,50,40,60,35,35,35,5.7,20
OL,Wendell Dennis,27,2011,50,40,60,35,35,35,5.7,20
K,Dontrell Billy,32,2006,50,40,60,35,35,35,5.7,20
K,James Justin,22,2016,50,40,60,35,35,35,5.7,20
S,Wayne Odell,26,2012,50,40,60,35,35,35,5.7,20
S,Jeremy Spike,22,2016,50,40,60,35,35,35,5.7,20
CB,Damon Walter,31,2007,50,40,60,35,35,35,5.7,20
CB,Walter Lucius,31,2008,50,40,60,35,35,35,5.7,20
CB,Patrick Thor,29,2010,50,40,60,35,35,35,5.7,20
CB,Tyree Draymond,25,2013,50,40,60,35,35,35,5.7,20
CB,Tyrell Harold,29,2010,50,40,60,35,35,35,5.7,20
CB,Kendrick Otis,33,2005,50,40,60,35,35,35,5.7,20
DL,Joseph Tyrell,28,2010,50,40,60,35,35,35,5.7,20
DL,Tupac Larry,25,2013,50,40,60,35,35,35,5.7,20
DL,Kaynard Lebron,27,2012,50,40,60,35,35,35,5.7,20
DL,Juan Jimmy,23,2014,50,40,60,35,35,35,5.7,20
DL,Justin Rufus,22,2016,50,40,60,35,35,35,5.7,20
DL,Darik Henry,30,2007,50,40,60,35,35,35,5.7,20
DL,Damian Terry,31,2007,50,40,60,35,35,35,5.7,20
DL,James Jordan,30,2008,50,40,60,35,35,35,5.7,20
LB,Rodell Clayton,29,2008,50,40,60,35,35,35,5.7,20
LB,Jerry Lavon,26,2011,50,40,60,35,35,35,5.7,20
LB,Roman Adrian,23,2014,50,40,60,35,35,35,5.7,20
LB,Paul Daniel,30,2009,50,40,60,35,35,35,5.7,20
LB,Tyree Terry,27,2011,50,40,60,35,35,35,5.7,20
LB,Beckham Wendell,29,2009,50,40,60,35,35,35,5.7,20
LB,Robert Jerry,29,2009,50,40,60,35,35,35,5.7,20
LB,Nguyen Kendrick,30,2008,50,40,60,35,35,35,5.7,20
END_PLAYERS
Hefei Crocodiles,HEFEI
QB,Derrick Rodell,33,2004,50,40,60,35,35,35,5.7,20
QB,Damon Theo,29,2009,50,40,60,35,35,35,5.7,20
RB,Kim Dick,27,2010,50,40,60,35,35,35,5.7,20
RB,Omari Russell,23,2014,50,40,60,35,35,35,5.7,20
RB,Paul Harold,26,2013,50,40,60,35,35,35,5.7,20
RB,Long Kaynard,24,2014,50,40,60,35,35,35,5.7,20
WR,Edward Jeremy,29,2009,50,40,60,35,35,35,5.7,20
WR,Michael Orlando,29,2010,50,40,60,35,35,35,5.7,20
WR,Beckham David,29,2010,50,40,60,35,35,35,5.7,20
WR,Johnson Robert,29,2009,50,40,60,35,35,35,5.7,20
WR,Rodell Rhys,33,2005,50,40,60,35,35,35,5.7,20
WR,Walter Scott,28,2010,50,40,60,35,35,35,5.7,20
OL,Gerald Michael,25,2012,50,40,60,35,35,35,5.7,20
OL,Tre Wardell,32,2005,50,40,60,35,35,35,5.7,20
OL,John Jason,26,2011,50,40,60,35,35,35,5.7,20
OL,Dirk Douglas,37,2002,50,40,60,35,35,35,5.7,20
OL,Tyrell Daniel,24,2015,50,40,60,35,35,35,5.7,20
OL,Theo Umar,25,2012,50,40,60,35,35,35,5.7,20
OL,Frank Mark,28,2009,50,40,60,35,35,35,5.7,20
OL,Adam Reggie,33,2005,50,40,60,35,35,35,5.7,20
OL,Frank Michael,23,2015,50,40,60,35,35,35,5.7,20
OL,Brian Alwan,24,2014,50,40,60,35,35,35,5.7,20
K,Ryan Tyronne,31,2007,50,40,60,35,35,35,5.7,20
K,Joseph William,24,2014,50,40,60,35,35,35,5.7,20
S,Myers Eli,29,2008,50,40,60,35,35,35,5.7,20
S,Wendell Kobe,25,2013,50,40,60,35,35,35,5.7,20
CB,Dick Jarvis,29,2009,50,40,60,35,35,35,5.7,20
CB,Adrian Joseph,27,2010,50,40,60,35,35,35,5.7,20
CB,Benton Lavon,25,2014,50,40,60,35,35,35,5.7,20
CB,Richard Draymond,28,2010,50,40,60,35,35,35,5.7,20
CB,Michael Paul,27,2010,50,40,60,35,35,35,5.7,20
CB,Clayton Umar,30,2008,50,40,60,35,35,35,5.7,20
DL,Johnson McJohnson,23,2015,50,40,60,35,35,35,5.7,20
DL,Dirk Terry,31,2008,50,40,60,35,35,35,5.7,20
DL,Roman Dequain,25,2012,50,40,60,35,35,35,5.7,20
DL,Randall Wayne,25,2014,50,40,60,35,35,35,5.7,20
DL,Spike George,25,2012,50,40,60,35,35,35,5.7,20
DL,Tran Peyton,31,2007,50,40,60,35,35,35,5.7,20
DL,Odell Omari,33,2005,50,40,60,35,35,35,5.7,20
DL,Spike Quinton,23,2015,50,40,60,35,35,35,5.7,20
LB,Trayvon Dick,28,2009,50,40,60,35,35,35,5.7,20
LB,Nate Walter,25,2012,50,40,60,35,35,35,5.7,20
LB,Aaron Samuel,27,2012,50,40,60,35,35,35,5.7,20
LB,Clayton Daniel,28,2010,50,40,60,35,35,35,5.7,20
LB,James Eli,32,2006,50,40,60,35,35,35,5.7,20
LB,Joe Hunter,31,2007,50,40,60,35,35,35,5.7,20
LB,Joshua Damon,22,2016,50,40,60,35,35,35,5.7,20
LB,Frank Ralph,25,2013,50,40,60,35,35,35,5.7,20
END_PLAYERS
Shanghai Nighthawks,SHN
QB,Henry Vashan,27,2010,70,55,65,50,50,50,5.7,20
QB,Wendell Beckham,27,2012,70,55,65,50,50,50,5.7,20
RB,Richard Joseph,31,2008,70,55,65,50,50,50,5.7,20
RB,Isaac Peyton,29,2008,70,55,65,50,50,50,5.7,20
RB,Edward Patrick,25,2013,70,55,65,50,50,50,5.7,20
RB,Damarco Carl,29,2009,70,55,65,50,50,50,5.7,20
WR,Scott Joe,23,2015,70,55,65,50,50,50,5.7,20
WR,Jerry Wardell,30,2009,70,55,65,50,50,50,5.7,20
WR,Damon Nate,26,2011,70,55,65,50,50,50,5.7,20
WR,Damarco Michael,30,2009,70,55,65,50,50,50,5.7,20
WR,Fred Talin,33,2005,70,55,65,50,50,50,5.7,20
WR,Jason Tyree,26,2012,70,55,65,50,50,50,5.7,20
OL,Edward Odell,31,2007,70,55,65,50,50,50,5.7,20
OL,Lee Sin,27,2011,70,55,65,50,50,50,5.7,20
OL,Matthew Adam,25,2012,70,55,65,50,50,50,5.7,20
OL,Odell Thomas,25,2014,70,55,65,50,50,50,5.7,20
OL,Frank Raymond,26,2013,70,55,65,50,50,50,5.7,20
OL,Squires Henry,27,2010,70,55,65,50,50,50,5.7,20
OL,Damon Ralph,28,2010,70,55,65,50,50,50,5.7,20
OL,Randall Deon,23,2015,70,55,65,50,50,50,5.7,20
OL,Clayton George,30,2008,70,55,65,50,50,50,5.7,20
OL,Ha-Ha Roy,24,2014,70,55,65,50,50,50,5.7,20
K,Wendell Adrian,30,2007,70,55,65,50,50,50,5.7,20
K,Andrew Jarvis,23,2015,70,55,65,50,50,50,5.7,20
S,Damarco Johnson,23,2015,70,55,65,50,50,50,5.7,20
S,Kim Charles,22,2016,70,55,65,50,50,50,5.7,20
CB,Joseph Steven,24,2013,70,55,65,50,50,50,5.7,20
CB,James Paul,25,2012,70,55,65,50,50,50,5.7,20
CB,Eli Aaron,31,2007,70,55,65,50,50,50,5.7,20
CB,Matthew Keon,25,2012,70,55,65,50,50,50,5.7,20
CB,Joe Richard,23,2014,70,55,65,50,50,50,5.7,20
CB,Harold Benton,30,2008,70,55,65,50,50,50,5.7,20
DL,Bruce Delroy,32,2006,70,55,65,50,50,50,5.7,20
DL,Hunter Tre,30,2007,70,55,65,50,50,50,5.7,20
DL,Omarr Gerald,26,2013,70,55,65,50,50,50,5.7,20
DL,John Lavon,22,2016,70,55,65,50,50,50,5.7,20
DL,Damon Damarco,23,2015,70,55,65,50,50,50,5.7,20
DL,Cordell Spike,23,2014,70,55,65,50,50,50,5.7,20
DL,Russell Paul,23,2015,70,55,65,50,50,50,5.7,20
DL,Spike Robert,23,2015,70,55,65,50,50,50,5.7,20
LB,Samuel Kevin,25,2012,70,55,65,50,50,50,5.7,20
LB,Kevin Andre,33,2005,70,55,65,50,50,50,5.7,20
LB,Lucius Adrian,25,2013,70,55,65,50,50,50,5.7,20
LB,Michael Douglas,23,2015,70,55,65,50,50,50,5.7,20
LB,Brian Rufus,32,2006,70,55,65,50,50,50,5.7,20
LB,Ryan Clifton,30,2008,70,55,65,50,50,50,5.7,20
LB,Tyrell Deon,33,2005,70,55,65,50,50,50,5.7,20
LB,Joshua Omari,25,2013,70,55,65,50,50,50,5.7,20
END_PLAYERS
Shanghai Titans,SHT
QB,Nigel Dennis,28,2009,70,55,65,50,50,50,5.7,20
QB,Kaynard Fred,28,2009,70,55,65,50,50,50,5.7,20
RB,John Donald,26,2012,70,55,65,50,50,50,5.7,20
RB,Johnson Squires,29,2009,70,55,65,50,50,50,5.7,20
RB,Lucius Steven,26,2011,70,55,65,50,50,50,5.7,20
RB,Hunter Orlando,29,2009,70,55,65,50,50,50,5.7,20
WR,Rodell Dick,29,2008,70,55,65,50,50,50,5.7,20
WR,Jerry Tupac,24,2014,70,55,65,50,50,50,5.7,20
WR,Dajon Dexter,22,2015,70,55,65,50,50,50,5.7,20
WR,Frank Eli,28,2011,70,55,65,50,50,50,5.7,20
WR,Tim Vashan,24,2013,70,55,65,50,50,50,5.7,20
WR,Brady Omari,28,2010,70,55,65,50,50,50,5.7,20
OL,Omarr Damon,32,2005,70,55,65,50,50,50,5.7,20
OL,Randall Ha-Ha,29,2008,70,55,65,50,50,50,5.7,20
OL,Billy Rondall,27,2011,70,55,65,50,50,50,5.7,20
OL,Jimmy Adam,23,2014,70,55,65,50,50,50,5.7,20
OL,Joe Trayvon,25,2012,70,55,65,50,50,50,5.7,20
OL,Patrick Myers,23,2015,70,55,65,50,50,50,5.7,20
OL,Ryan Isaac,25,2012,70,55,65,50,50,50,5.7,20
OL,Dajon Andrew,32,2006,70,55,65,50,50,50,5.7,20
OL,Roman Thomas,28,2010,70,55,65,50,50,50,5.7,20
OL,Douglas Anthony,25,2013,70,55,65,50,50,50,5.7,20
K,Squires Adam,27,2011,70,55,65,50,50,50,5.7,20
K,Tim Isaac,25,2013,70,55,65,50,50,50,5.7,20
S,David Adrian,31,2007,70,55,65,50,50,50,5.7,20
S,Joe Kobe,24,2014,70,55,65,50,50,50,5.7,20
CB,Ralph Damon,24,2013,70,55,65,50,50,50,5.7,20
CB,Brady Rondall,27,2012,70,55,65,50,50,50,5.7,20
CB,Tyronne Clayton,25,2012,70,55,65,50,50,50,5.7,20
CB,Gerald Juan,25,2012,70,55,65,50,50,50,5.7,20
CB,Ben Peter,28,2011,70,55,65,50,50,50,5.7,20
CB,Juan Otis,31,2007,70,55,65,50,50,50,5.7,20
DL,Ryan Jack,29,2009,70,55,65,50,50,50,5.7,20
DL,Russell Squires,29,2010,70,55,65,50,50,50,5.7,20
DL,Dajon Rodell,21,2016,70,55,65,50,50,50,5.7,20
DL,Kim Juan,30,2008,70,55,65,50,50,50,5.7,20
DL,Theo Hunter,29,2008,70,55,65,50,50,50,5.7,20
DL,Damon Omarr,23,2015,70,55,65,50,50,50,5.7,20
DL,Carlos Javan,26,2012,70,55,65,50,50,50,5.7,20
DL,Randall Raymond,29,2009,70,55,65,50,50,50,5.7,20
LB,Juan Adrian,29,2009,70,55,65,50,50,50,5.7,20
LB,David Damon,27,2012,70,55,65,50,50,50,5.7,20
LB,Charles Kim,24,2015,70,55,65,50,50,50,5.7,20
LB,Damon Carl,28,2009,70,55,65,50,50,50,5.7,20
LB,Adrian Raymond,23,2015,70,55,65,50,50,50,5.7,20
LB,Tre Dennis,29,2009,70,55,65,50,50,50,5.7,20
LB,Gerald Robert,28,2010,70,55,65,50,50,50,5.7,20
LB,Tupac Harold,29,2009,70,55,65,50,50,50,5.7,20
END_PLAYERS
Shanghai Warriors,SHW
QB,Danny Zhang,23,2016,70,55,65,47,27,47,5.7,20
QB,Omari Charles,26,2011,70,55,65,30,30,30,5.7,20
RB,Thor Bruce,29,2008,70,55,65,30,30,30,5.7,20
RB,Orlando Marvin,34,2005,70,55,65,50,50,50,5.7,20
RB,Tyronne Reggie,27,2011,70,55,65,50,50,50,5.7,20
RB,Carlos Omari,26,2012,70,55,65,50,50,50,5.7,20
WR,Wendell Blewitt,25,2012,70,55,65,50,50,50,5.7,20
WR,Cordell Odell,25,2014,70,55,65,50,50,50,5.7,20
WR,Gabriel Kemble,27,2012,70,55,65,50,50,50,5.7,20
WR,Cordell Gerald,30,2007,70,55,65,50,50,50,5.7,20
WR,Justin Rhys,30,2008,70,55,65,50,50,50,5.7,20
WR,Darik Jose,27,2011,70,55,65,50,50,50,5.7,20
OL,Michael Umar,33,2004,70,55,65,50,50,50,5.7,20
OL,Samuel Damon,23,2014,70,55,65,50,50,50,5.7,20
OL,Ha-Ha Bobby,25,2012,70,55,65,50,50,50,5.7,20
OL,Scott Ha-Ha,22,2015,70,55,65,50,50,50,5.7,20
OL,Squires Frank,27,2010,70,55,65,50,50,50,5.7,20
OL,Fred Mark,24,2013,70,55,65,50,50,50,5.7,20
OL,John Clayton,28,2009,70,55,65,50,50,50,5.7,20
OL,Trayvon Kendrick,28,2010,70,55,65,50,50,50,5.7,20
OL,Frank Shawnte,25,2013,70,55,65,50,50,50,5.7,20
OL,Alan Thor,28,2010,70,55,65,50,50,50,5.7,20
K,Jon Stupak,36,2002,70,55,65,50,50,50,5.7,20
K,Adam David,32,2006,70,55,65,50,50,50,5.7,20
S,Samuel Juan,23,2014,70,55,65,50,50,50,5.7,20
S,Draymond Randall,26,2012,70,55,65,50,50,50,5.7,20
CB,Jeremy John,28,2010,70,55,65,50,50,50,5.7,20
CB,Jack David,28,2010,70,55,65,50,50,50,5.7,20
CB,Jack Quinton,24,2013,70,55,65,50,50,50,5.7,20
CB,Dontrell Rhys,21,2016,70,55,65,50,50,50,5.7,20
CB,Cordell Billy,29,2009,70,55,65,50,50,50,5.7,20
CB,Juan Ryan,27,2011,70,55,65,50,50,50,5.7,20
DL,Tran Dennis,28,2011,70,55,65,50,50,50,5.7,20
DL,Vashan Nate,23,2016,70,55,65,50,50,50,5.7,20
DL,Dajon Ben,26,2012,70,55,65,50,50,50,5.7,20
DL,Isaac Jimmy,26,2013,70,55,65,50,50,50,5.7,20
DL,Alan Fred,21,2016,70,55,65,50,50,50,5.7,20
DL,Edward Orlando,29,2009,70,55,65,50,50,50,5.7,20
DL,Johnson Carlos,25,2013,70,55,65,50,50,50,5.7,20
DL,Bobby Damian,30,2008,70,55,65,50,50,50,5.7,20
LB,Dexter Otis,22,2015,70,55,65,50,50,50,5.7,20
LB,Orlando Tim,29,2009,70,55,65,50,50,50,5.7,20
LB,Dontrell Fred,23,2015,70,55,65,50,50,50,5.7,20
LB,Arthur Alwan,27,2010,70,55,65,50,50,50,5.7,20
LB,Delroy Daniel,27,2011,70,55,65,50,50,50,5.7,20
LB,Damon Jahquil,23,2015,70,55,65,50,50,50,5.7,20
LB,Tim Steven,29,2009,70,55,65,50,50,50,5.7,20
LB,Tyronne Otis,27,2011,70,55,65,50,50,50,5.7,20
END_PLAYERS
Hangzhou Generals,HGZ
QB,Kevin Deon,28,2009,70,55,65,47,47,47,5.7,20
QB,Eli Myers,23,2016,70,55,65,47,47,47,5.7,20
RB,Jose Rhys,31,2006,70,55,65,47,47,47,5.7,20
RB,Omarr Cordell,29,2008,70,55,65,47,47,47,5.7,20
RB,Anthony Ben,28,2009,70,55,65,47,47,47,5.7,20
RB,Gerald Ha-Ha,29,2009,70,55,65,47,47,47,5.7,20
WR,Alan Paul,31,2008,70,55,65,47,47,47,5.7,20
WR,Damon Lucius,24,2015,70,55,65,47,47,47,5.7,20
WR,Hakeem Tre,21,2016,70,55,65,47,47,47,5.7,20
WR,Charles Kendrick,23,2014,70,55,65,47,47,47,5.7,20
WR,Steven Adrian,29,2009,70,55,65,47,47,47,5.7,20
WR,George Gerald,22,2016,70,55,65,47,47,47,5.7,20
OL,Harry Scott,26,2012,70,55,65,47,47,47,5.7,20
OL,Ralph Talin,24,2014,70,55,65,47,47,47,5.7,20
OL,Matthew Tyronne,32,2006,70,55,65,47,47,47,5.7,20
OL,Long Ralph,23,2014,70,55,65,47,47,47,5.7,20
OL,Donald Otis,25,2012,70,55,65,47,47,47,5.7,20
OL,Dexter Umar,27,2010,70,55,65,47,47,47,5.7,20
OL,Eric Walter,25,2014,70,55,65,47,47,47,5.7,20
OL,Roy Jimmy,30,2008,70,55,65,47,47,47,5.7,20
OL,Bruce Joseph,30,2008,70,55,65,47,47,47,5.7,20
OL,Daniel Tim,30,2008,70,55,65,47,47,47,5.7,20
K,Myers Hunter,26,2012,70,55,65,47,47,47,5.7,20
K,Hunter Perry,28,2010,70,55,65,47,47,47,5.7,20
S,Harold Clayton,28,2010,70,55,65,47,47,47,5.7,20
S,Deon Tran,25,2013,70,55,65,47,47,47,5.7,20
CB,Vashan Johnson,30,2007,70,55,65,47,47,47,5.7,20
CB,Tyree Roy,32,2006,70,55,65,47,47,47,5.7,20
CB,Luther Darik,26,2012,70,55,65,47,47,47,5.7,20
CB,Omari Joe,27,2010,70,55,65,47,47,47,5.7,20
CB,Theo Rhys,24,2013,70,55,65,47,47,47,5.7,20
CB,Aaron Delroy,27,2011,70,55,65,47,47,47,5.7,20
DL,Carl Joe,26,2011,70,55,65,47,47,47,5.7,20
DL,Bobby Jack,33,2005,70,55,65,47,47,47,5.7,20
DL,Alwan Kevin,24,2015,70,55,65,47,47,47,5.7,20
DL,Roy Eric,27,2011,70,55,65,47,47,47,5.7,20
DL,Eric Alan,27,2012,70,55,65,47,47,47,5.7,20
DL,Dennis Draymond,25,2013,70,55,65,47,47,47,5.7,20
DL,James Umar,25,2013,70,55,65,47,47,47,5.7,20
DL,Joe Joe,32,2006,70,55,65,47,47,47,5.7,20
LB,Jahquil Adrian,29,2009,70,55,65,47,47,47,5.7,20
LB,Tran Robert,29,2008,70,55,65,47,47,47,5.7,20
LB,Blewitt Carlos,25,2012,70,55,65,47,47,47,5.7,20
LB,George Douglas,28,2009,70,55,65,47,47,47,5.7,20
LB,Steven Draymond,24,2014,70,55,65,47,47,47,5.7,20
LB,Perry Nate,30,2008,70,55,65,47,47,47,5.7,20
LB,Mark Lebron,33,2005,70,55,65,47,47,47,5.7,20
LB,Scott Spike,33,2005,70,55,65,47,47,47,5.7,20
END_PLAYERS
Hong Kong Cobras,HKC
QB,Steven Eric,36,2002,70,55,65,50,50,50,5.7,20
QB,Billy Tim,26,2012,70,55,65,50,50,50,5.7,20
RB,Trayvon Benton,29,2010,70,55,65,50,50,50,5.7,20
RB,Adam Odell,29,2008,70,55,65,50,50,50,5.7,20
RB,Damarco Juan,24,2014,70,55,65,50,50,50,5.7,20
RB,Jarvis Douglas,24,2014,70,55,65,50,50,50,5.7,20
WR,Dajon Hakeem,29,2008,70,55,65,50,50,50,5.7,20
WR,Ralph Rondall,28,2009,70,55,65,50,50,50,5.7,20
WR,Marvin Justin,32,2005,70,55,65,50,50,50,5.7,20
WR,Justin Justin,27,2011,70,55,65,50,50,50,5.7,20
WR,Steven Jordan,26,2012,70,55,65,50,50,50,5.7,20
WR,Tran Squires,32,2006,70,55,65,50,50,50,5.7,20
OL,Patrick Umar,23,2014,70,55,65,50,50,50,5.7,20
OL,Squires Harry,32,2006,70,55,65,50,50,50,5.7,20
OL,Nguyen Damian,25,2012,70,55,65,50,50,50,5.7,20
OL,Quinton Dontrell,29,2009,70,55,65,50,50,50,5.7,20
OL,Quinton Damon,25,2012,70,55,65,50,50,50,5.7,20
OL,Tran Wayne,26,2011,70,55,65,50,50,50,5.7,20
OL,George Mark,23,2016,70,55,65,50,50,50,5.7,20
OL,Lucius Brady,29,2009,70,55,65,50,50,50,5.7,20
OL,Tre Andrew,22,2016,70,55,65,50,50,50,5.7,20
OL,Ronald Roy,30,2008,70,55,65,50,50,50,5.7,20
K,Randall Eli,31,2007,70,55,65,50,50,50,5.7,20
K,Carlos Shawnte,28,2009,70,55,65,50,50,50,5.7,20
S,Jason Daniel,27,2010,70,55,65,50,50,50,5.7,20
S,Donald Alan,27,2011,70,55,65,50,50,50,5.7,20
CB,Kaynard Clayton,26,2011,70,55,65,50,50,50,5.7,20
CB,Quinton Tim,29,2010,70,55,65,50,50,50,5.7,20
CB,Jimmy Shawnte,30,2008,70,55,65,50,50,50,5.7,20
CB,Walter Marvin,30,2008,70,55,65,50,50,50,5.7,20
CB,Terry Ronald,29,2009,70,55,65,50,50,50,5.7,20
CB,Eric Andre,29,2009,70,55,65,50,50,50,5.7,20
DL,Tim Aaron,24,2013,70,55,65,50,50,50,5.7,20
DL,Joseph Rondall,27,2010,70,55,65,50,50,50,5.7,20
DL,Odell Kim,26,2012,70,55,65,50,50,50,5.7,20
DL,Rodell Rodell,24,2014,70,55,65,50,50,50,5.7,20
DL,Deon Orlando,26,2013,70,55,65,50,50,50,5.7,20
DL,Carl Squires,23,2015,70,55,65,50,50,50,5.7,20
DL,Mark Blewitt,30,2008,70,55,65,50,50,50,5.7,20
DL,Rhys Rhys,33,2005,70,55,65,50,50,50,5.7,20
LB,Clayton Kim,33,2004,70,55,65,50,50,50,5.7,20
LB,Brady Wendell,23,2016,70,55,65,50,50,50,5.7,20
LB,Damian Joseph,30,2008,70,55,65,50,50,50,5.7,20
LB,Lucius John,27,2010,70,55,65,50,50,50,5.7,20
LB,Thor David,22,2016,70,55,65,50,50,50,5.7,20
LB,Michael Darik,30,2008,70,55,65,50,50,50,5.7,20
LB,Beckham Jose,29,2009,70,55,65,50,50,50,5.7,20
LB,Kim Vashan,30,2008,70,55,65,50,50,50,5.7,20
END_PLAYERS
Hong Kong Combat Orcas,HKCO
QB,Adrian George,32,2005,70,55,65,50,50,50,5.7,20
QB,Blewitt Alwan,26,2012,70,55,65,50,50,50,5.7,20
RB,Otis Nguyen,26,2012,70,55,65,50,50,50,5.7,20
RB,Spike Jose,24,2014,70,55,65,50,50,50,5.7,20
RB,Peyton Draymond,29,2009,70,55,65,50,50,50,5.7,20
RB,Jimmy Luther,26,2012,70,55,65,50,50,50,5.7,20
WR,Joseph Dexter,25,2013,70,55,65,50,50,50,5.7,20
WR,Benton Darik,25,2013,70,55,65,50,50,50,5.7,20
WR,Lebron Jason,27,2011,70,55,65,50,50,50,5.7,20
WR,Rhys Adrian,26,2012,70,55,65,50,50,50,5.7,20
WR,Keon Lavon,32,2006,70,55,65,50,50,50,5.7,20
WR,Carlos Jarvis,32,2006,70,55,65,50,50,50,5.7,20
OL,Ha-Ha Johnson,31,2007,70,55,65,50,50,50,5.7,20
OL,Clayton Nguyen,34,2005,70,55,65,50,50,50,5.7,20
OL,Jeremy Jerry,24,2015,70,55,65,50,50,50,5.7,20
OL,Kevin Gerald,29,2010,70,55,65,50,50,50,5.7,20
OL,Odell Kobe,28,2010,70,55,65,50,50,50,5.7,20
OL,Tyree Jason,24,2013,70,55,65,50,50,50,5.7,20
OL,Billy Damon,30,2008,70,55,65,50,50,50,5.7,20
OL,Tre Darik,25,2013,70,55,65,50,50,50,5.7,20
OL,Perry Andrew,30,2008,70,55,65,50,50,50,5.7,20
OL,Manning Joe,33,2005,70,55,65,50,50,50,5.7,20
K,Ralph Hakeem,32,2005,70,55,65,50,50,50,5.7,20
K,Blewitt Peter,31,2007,70,55,65,50,50,50,5.7,20
S,Umar Lee,21,2016,70,55,65,50,50,50,5.7,20
S,Lamar Henry,28,2010,70,55,65,50,50,50,5.7,20
CB,Alan Clifton,34,2005,70,55,65,50,50,50,5.7,20
CB,Eli Kevin,25,2013,70,55,65,50,50,50,5.7,20
CB,Isaac Lebron,35,2004,70,55,65,50,50,50,5.7,20
CB,Ben Derrick,24,2014,70,55,65,50,50,50,5.7,20
CB,Harry Johnson,27,2010,70,55,65,50,50,50,5.7,20
CB,Theo Myers,25,2013,70,55,65,50,50,50,5.7,20
DL,Lamar Jahquil,24,2013,70,55,65,50,50,50,5.7,20
DL,Tre Harry,26,2013,70,55,65,50,50,50,5.7,20
DL,Anthony Paul,27,2010,70,55,65,50,50,50,5.7,20
DL,Patrick Alwan,25,2012,70,55,65,50,50,50,5.7,20
DL,Terry Nguyen,21,2016,70,55,65,50,50,50,5.7,20
DL,Aaron Richard,27,2011,70,55,65,50,50,50,5.7,20
DL,Alwan Scott,22,2016,70,55,65,50,50,50,5.7,20
DL,Frank Draymond,26,2012,70,55,65,50,50,50,5.7,20
LB,Joe Lavon,28,2009,70,55,65,50,50,50,5.7,20
LB,John Walter,29,2009,70,55,65,50,50,50,5.7,20
LB,Quinton Isaac,27,2012,70,55,65,50,50,50,5.7,20
LB,Henry George,29,2010,70,55,65,50,50,50,5.7,20
LB,Nate Andrew,29,2009,70,55,65,50,50,50,5.7,20
LB,Ronald Darik,30,2008,70,55,65,50,50,50,5.7,20
LB,Manning Benton,25,2013,70,55,65,50,50,50,5.7,20
LB,Omarr Russell,27,2011,70,55,65,50,50,50,5.7,20
END_PLAYERS
Hong Kong Warhawks,HKW
QB,Tie Fu,27,2009,70,55,65,50,50,50,5.7,20
QB,Carl Lavon,23,2015,70,55,65,50,50,50,5.7,20
RB,Dick Scott,31,2008,70,55,65,50,50,50,5.7,20
RB,Lucius Richard,24,2013,70,55,65,50,50,50,5.7,20
RB,Lavon Spike,26,2012,70,55,65,50,50,50,5.7,20
RB,Ha-Ha Wardell,31,2007,70,55,65,50,50,50,5.7,20
WR,Brian Joseph,26,2011,70,55,65,50,50,50,5.7,20
WR,Wendell Terry,30,2009,70,55,65,50,50,50,5.7,20
WR,Myers Spike,31,2007,70,55,65,50,50,50,5.7,20
WR,Larry Clifton,31,2006,70,55,65,50,50,50,5.7,20
WR,Peter Andrew,22,2016,70,55,65,50,50,50,5.7,20
WR,Daniel Lee,23,2015,70,55,65,50,50,50,5.7,20
OL,Adrian Charles,31,2007,70,55,65,50,50,50,5.7,20
OL,Johnson Damon,26,2013,70,55,65,50,50,50,5.7,20
OL,Cordell Tim,28,2010,70,55,65,50,50,50,5.7,20
OL,Billy Jamaar,25,2012,70,55,65,50,50,50,5.7,20
OL,Tyree Dajon,22,2015,70,55,65,50,50,50,5.7,20
OL,Henry Richard,23,2014,70,55,65,50,50,50,5.7,20
OL,Johnson Albert,29,2010,70,55,65,50,50,50,5.7,20
OL,Carlos Theo,24,2014,70,55,65,50,50,50,5.7,20
OL,Delroy Nguyen,28,2009,70,55,65,50,50,50,5.7,20
OL,Anthony Scott,28,2010,70,55,65,50,50,50,5.7,20
K,Justin Talin,29,2009,70,55,65,50,50,50,5.7,20
K,David Samuel,24,2014,70,55,65,50,50,50,5.7,20
S,Randall Charles,23,2014,70,55,65,50,50,50,5.7,20
S,Rondall Fred,26,2012,70,55,65,50,50,50,5.7,20
CB,Alan Rodell,24,2013,70,55,65,50,50,50,5.7,20
CB,Wardell Roman,32,2006,70,55,65,50,50,50,5.7,20
CB,George Albert,32,2005,70,55,65,50,50,50,5.7,20
CB,Jarvis Samuel,25,2012,70,55,65,50,50,50,5.7,20
CB,Johnson Bobby,21,2016,70,55,65,50,50,50,5.7,20
CB,Andre Terry,32,2006,70,55,65,50,50,50,5.7,20
DL,Hunter Donald,26,2011,70,55,65,50,50,50,5.7,20
DL,Nguyen Justin,26,2011,70,55,65,50,50,50,5.7,20
DL,Alwan Anthony,27,2012,70,55,65,50,50,50,5.7,20
DL,Clayton Isaac,23,2015,70,55,65,50,50,50,5.7,20
DL,Rhys Theo,25,2014,70,55,65,50,50,50,5.7,20
DL,Jose Kevin,28,2010,70,55,65,50,50,50,5.7,20
DL,Adam Rondall,28,2010,70,55,65,50,50,50,5.7,20
DL,Terry Andrew,22,2016,70,55,65,50,50,50,5.7,20
LB,Alwan Jerry,31,2007,70,55,65,50,50,50,5.7,20
LB,Fred Jason,32,2005,70,55,65,50,50,50,5.7,20
LB,Carlos Otis,28,2011,70,55,65,50,50,50,5.7,20
LB,Tre Jack,23,2016,70,55,65,50,50,50,5.7,20
LB,Andre Tupac,28,2011,70,55,65,50,50,50,5.7,20
LB,Frank Kendrick,26,2012,70,55,65,50,50,50,5.7,20
LB,Bobby Myers,32,2006,70,55,65,50,50,50,5.7,20
LB,Trayvon Lavon,29,2009,70,55,65,50,50,50,5.7,20
END_PLAYERS
Guangzhou Apaches,GZA
QB,Joshua Lavon,24,2014,70,55,65,50,50,50,5.7,20
QB,Dirk Patrick,25,2012,70,55,65,50,50,50,5.7,20
QB,Dequain Raymond,26,2012,70,55,65,50,50,50,5.7,20
RB,Tupac Tyree,28,2009,70,55,65,50,50,50,5.7,20
RB,Squires Adrian,25,2012,70,55,65,50,50,50,5.7,20
RB,Robert Andrew,32,2006,70,55,65,50,50,50,5.7,20
RB,Terry Trayvon,31,2007,70,55,65,50,50,50,5.7,20
WR,Daniel Raymond,32,2006,70,55,65,50,50,50,5.7,20
WR,Wendell Fred,24,2013,70,55,65,50,50,50,5.7,20
WR,Omarr Trayvon,34,2003,70,55,65,50,50,50,5.7,20
WR,Ronald Adam,23,2016,70,55,65,50,50,50,5.7,20
WR,Beckham Rodell,22,2016,70,55,65,50,50,50,5.7,20
WR,Tyrell Jerry,22,2016,70,55,65,50,50,50,5.7,20
OL,Tupac Bobby,25,2013,70,55,65,50,50,50,5.7,20
OL,Dequain Jahquil,24,2013,70,55,65,50,50,50,5.7,20
OL,Justin Damon,36,2002,70,55,65,50,50,50,5.7,20
OL,Carnell Javan,29,2008,70,55,65,50,50,50,5.7,20
OL,Dennis Jose,31,2007,70,55,65,50,50,50,5.7,20
OL,Rodell Tyrell,28,2009,70,55,65,50,50,50,5.7,20
OL,Lucius Lucius,27,2011,70,55,65,50,50,50,5.7,20
OL,Cordell Rondall,33,2005,70,55,65,50,50,50,5.7,20
OL,Rodell Kendrick,26,2012,70,55,65,50,50,50,5.7,20
OL,Ronald Richard,23,2015,70,55,65,50,50,50,5.7,20
K,Jason Richard,29,2008,70,55,65,50,50,50,5.7,20
K,William James,23,2014,70,55,65,50,50,50,5.7,20
S,Bobby Carlos,29,2008,70,55,65,50,50,50,5.7,20
S,Jahquil Kaynard,27,2011,70,55,65,50,50,50,5.7,20
CB,Lee Wardell,31,2006,70,55,65,50,50,50,5.7,20
CB,Lamar Nguyen,27,2012,70,55,65,50,50,50,5.7,20
CB,Derrick Jamaar,22,2015,70,55,65,50,50,50,5.7,20
CB,Arthur Peyton,22,2016,70,55,65,50,50,50,5.7,20
CB,Frank Shawnte,29,2009,70,55,65,50,50,50,5.7,20
CB,Keon Arthur,29,2009,70,55,65,50,50,50,5.7,20
DL,Alwan Robert,31,2007,70,55,65,50,50,50,5.7,20
DL,Adam James,28,2009,70,55,65,50,50,50,5.7,20
DL,Joe Shawnte,27,2011,70,55,65,50,50,50,5.7,20
DL,Dajon Bruce,23,2014,70,55,65,50,50,50,5.7,20
DL,Richard John,22,2016,70,55,65,50,50,50,5.7,20
DL,Beckham Omarr,28,2010,70,55,65,50,50,50,5.7,20
DL,Carl Derrick,30,2008,70,55,65,50,50,50,5.7,20
DL,Tim Javan,33,2005,70,55,65,50,50,50,5.7,20
LB,Bobby Damon,31,2007,70,55,65,50,50,50,5.7,20
LB,Aaron Johnson,35,2002,70,55,65,50,50,50,5.7,20
LB,Alwan Harry,29,2009,70,55,65,50,50,50,5.7,20
LB,Tim Wardell,28,2009,70,55,65,50,50,50,5.7,20
LB,Benton Hakeem,30,2008,70,55,65,50,50,50,5.7,20
LB,Lucius Bruce,27,2011,70,55,65,50,50,50,5.7,20
LB,Aaron Donald,30,2008,70,55,65,50,50,50,5.7,20
LB,Anthony Hakeem,22,2016,70,55,65,50,50,50,5.7,20
END_PLAYERS
Chengdu Pandamen,CHE
QB,David Manning,25,2012,70,55,65,50,50,50,5.7,20
QB,Keon Keon,34,2003,70,55,65,50,50,50,5.7,20
QB,Omarr Delroy,30,2008,70,55,65,50,50,50,5.7,20
RB,Marques Sloquem,28,2012,93,72,62,83,90,83,10.0,10
RB,Lebron Albert,27,2011,70,55,65,50,50,50,5.7,20
RB,Matthew Rodell,23,2015,70,55,65,50,50,50,5.7,20
RB,Derrick Andrew,23,2015,70,55,65,50,50,50,5.7,20
WR,Carl Rufus,33,2005,70,55,65,50,50,50,5.7,20
WR,Tyree Harold,26,2011,70,55,65,50,50,50,5.7,20
WR,Deon Damarco,27,2011,70,55,65,50,50,50,5.7,20
WR,David Delroy,26,2011,70,55,65,50,50,50,5.7,20
WR,Eric David,28,2010,70,55,65,50,50,50,5.7,20
WR,Randall Shawnte,31,2007,70,55,65,50,50,50,5.7,20
OL,Reggie Peter,29,2010,70,55,65,50,50,50,5.7,20
OL,Clifton Nate,29,2009,70,55,65,50,50,50,5.7,20
OL,Cordell Peter,33,2004,70,55,65,50,50,50,5.7,20
OL,Peter Eli,26,2012,70,55,65,50,50,50,5.7,20
OL,Lucius Wardell,28,2010,70,55,65,50,50,50,5.7,20
OL,Adrian Joshua,26,2013,70,55,65,50,50,50,5.7,20
OL,Nguyen Albert,24,2014,70,55,65,50,50,50,5.7,20
OL,Keon Wardell,22,2016,70,55,65,50,50,50,5.7,20
OL,Lamar Carlos,23,2015,70,55,65,50,50,50,5.7,20
OL,Jerry Omarr,31,2007,70,55,65,50,50,50,5.7,20
K,Tyrell Randall,24,2014,70,55,65,50,50,50,5.7,20
K,Damon Deon,27,2010,70,55,65,50,50,50,5.7,20
S,Trayvon Jahquil,25,2012,70,55,65,50,50,50,5.7,20
S,Aaron Tran,27,2011,70,55,65,50,50,50,5.7,20
CB,Bobby Trayvon,24,2013,70,55,65,50,50,50,5.7,20
CB,Fred Nguyen,28,2011,70,55,65,50,50,50,5.7,20
CB,Randall Jamaar,25,2013,70,55,65,50,50,50,5.7,20
CB,Matthew Robert,27,2012,70,55,65,50,50,50,5.7,20
CB,Shawnte Manning,25,2013,70,55,65,50,50,50,5.7,20
CB,Joe Carl,32,2006,70,55,65,50,50,50,5.7,20
DL,Wayne Arthur,27,2010,70,55,65,50,50,50,5.7,20
DL,Roman Jack,28,2010,70,55,65,50,50,50,5.7,20
DL,Talin Quinton,26,2013,70,55,65,50,50,50,5.7,20
DL,Clayton Carnell,26,2012,70,55,65,50,50,50,5.7,20
DL,Arthur Wardell,25,2014,70,55,65,50,50,50,5.7,20
DL,Carl Jordan,31,2007,70,55,65,50,50,50,5.7,20
DL,Juan Shawnte,23,2015,70,55,65,50,50,50,5.7,20
DL,Draymond Carlos,28,2010,70,55,65,50,50,50,5.7,20
LB,Mark Russell,27,2011,70,55,65,50,50,50,5.7,20
LB,James Larry,28,2009,70,55,65,50,50,50,5.7,20
LB,George Perry,30,2009,70,55,65,50,50,50,5.7,20
LB,Patrick Lamar,27,2012,70,55,65,50,50,50,5.7,20
LB,Theo Ralph,26,2012,70,55,65,50,50,50,5.7,20
LB,Joseph Fred,27,2011,70,55,65,50,50,50,5.7,20
LB,Odell Shawnte,24,2014,70,55,65,50,50,50,5.7,20
LB,Justin Clayton,29,2009,70,55,65,50,50,50,5.7,20
END_PLAYERS
Chongqing Centaurs,CHQC
QB,Omari Damarco,22,2015,70,55,65,50,50,50,5.7,20
QB,Douglas Arthur,33,2005,70,55,65,50,50,50,5.7,20
RB,Russell Thomas,32,2006,70,55,65,50,50,50,5.7,20
RB,Albert Carlos,24,2015,70,55,65,50,50,50,5.7,20
RB,Juan Shawnte,28,2009,70,55,65,50,50,50,5.7,20
RB,Odell Aaron,29,2009,70,55,65,50,50,50,5.7,20
WR,Tim Hakeem,25,2013,70,55,65,50,50,50,5.7,20
WR,Dennis Myers,22,2016,70,55,65,50,50,50,5.7,20
WR,Jimmy Orlando,28,2011,70,55,65,50,50,50,5.7,20
WR,Tim Hakeem,27,2012,70,55,65,50,50,50,5.7,20
WR,Dajon Walter,24,2014,70,55,65,50,50,50,5.7,20
WR,Gerald Tran,27,2011,70,55,65,50,50,50,5.7,20
OL,Dontrell Lee,27,2011,70,55,65,50,50,50,5.7,20
OL,Steven Larry,32,2007,70,55,65,50,50,50,5.7,20
OL,Cordell Tyronne,29,2009,70,55,65,50,50,50,5.7,20
OL,Ben Rufus,29,2010,70,55,65,50,50,50,5.7,20
OL,Ben Walter,32,2006,70,55,65,50,50,50,5.7,20
OL,Harry Walter,25,2014,70,55,65,50,50,50,5.7,20
OL,Douglas Rodell,27,2011,70,55,65,50,50,50,5.7,20
OL,Adrian Peter,30,2008,70,55,65,50,50,50,5.7,20
OL,Isaac Clifton,25,2013,70,55,65,50,50,50,5.7,20
OL,Keon Deon,28,2010,70,55,65,50,50,50,5.7,20
K,Patrick Rondall,33,2004,70,55,65,50,50,50,5.7,20
K,Hakeem Larry,22,2016,70,55,65,50,50,50,5.7,20
S,Ha-Ha Odell,25,2013,70,55,65,50,50,50,5.7,20
S,Joseph Bruce,32,2006,70,55,65,50,50,50,5.7,20
CB,Carnell Matthew,25,2012,70,55,65,50,50,50,5.7,20
CB,Terry Quinton,31,2007,70,55,65,50,50,50,5.7,20
CB,Brady Bruce,30,2007,70,55,65,50,50,50,5.7,20
CB,Adam Shawnte,24,2014,70,55,65,50,50,50,5.7,20
CB,Jamaar Anthony,31,2007,70,55,65,50,50,50,5.7,20
CB,Fred Brian,25,2013,70,55,65,50,50,50,5.7,20
DL,Jimmy Damian,33,2005,70,55,65,50,50,50,5.7,20
DL,Bruce Matthew,26,2011,70,55,65,50,50,50,5.7,20
DL,Lamar Edward,26,2013,70,55,65,50,50,50,5.7,20
DL,Rufus Jahquil,25,2013,70,55,65,50,50,50,5.7,20
DL,Roman Jamaar,23,2016,70,55,65,50,50,50,5.7,20
DL,Russell Squires,31,2007,70,55,65,50,50,50,5.7,20
DL,Joseph Blewitt,25,2013,70,55,65,50,50,50,5.7,20
DL,Harry Daniel,33,2005,70,55,65,50,50,50,5.7,20
LB,Gerald Wayne,26,2012,70,55,65,50,50,50,5.7,20
LB,Benton Michael,23,2015,70,55,65,50,50,50,5.7,20
LB,Daniel Damian,26,2011,70,55,65,50,50,50,5.7,20
LB,Joseph Walter,25,2013,70,55,65,50,50,50,5.7,20
LB,Damian Lee,22,2016,70,55,65,50,50,50,5.7,20
LB,Kevin Keon,26,2012,70,55,65,50,50,50,5.7,20
LB,Cordell Robert,24,2014,70,55,65,50,50,50,5.7,20
LB,Jamaar Carl,31,2007,70,55,65,50,50,50,5.7,20
END_PLAYERS
Chongqing Dockers,CHQD
QB,Charles Robert,23,2015,70,55,65,50,50,50,5.7,20
QB,Tyree Rodell,29,2009,70,55,65,50,50,50,5.7,20
RB,Delroy Kim,25,2012,70,55,65,50,50,50,5.7,20
RB,Damon Manning,25,2013,70,55,65,50,50,50,5.7,20
RB,Delroy Jimmy,25,2012,70,55,65,50,50,50,5.7,20
RB,Daniel Fred,32,2006,70,55,65,50,50,50,5.7,20
WR,Roy Isaac,32,2005,70,55,65,50,50,50,5.7,20
WR,Fred Carlos,26,2011,70,55,65,50,50,50,5.7,20
WR,Mark Richard,28,2011,70,55,65,50,50,50,5.7,20
WR,Mark Derrick,25,2012,70,55,65,50,50,50,5.7,20
WR,Jamaar Andre,24,2014,70,55,65,50,50,50,5.7,20
WR,Jordan Wardell,30,2008,70,55,65,50,50,50,5.7,20
OL,Isaac Carnell,30,2007,70,55,65,50,50,50,5.7,20
OL,Jahquil Samuel,30,2009,70,55,65,50,50,50,5.7,20
OL,Lamar Marvin,29,2008,70,55,65,50,50,50,5.7,20
OL,Derrick Kim,34,2003,70,55,65,50,50,50,5.7,20
OL,Spike Rodell,30,2009,70,55,65,50,50,50,5.7,20
OL,Nguyen Juan,23,2016,70,55,65,50,50,50,5.7,20
OL,Dequain Keon,28,2010,70,55,65,50,50,50,5.7,20
OL,Ryan Tyree,27,2011,70,55,65,50,50,50,5.7,20
OL,Cordell Trayvon,30,2008,70,55,65,50,50,50,5.7,20
OL,Mark Luther,22,2016,70,55,65,50,50,50,5.7,20
K,Theo Robert,34,2005,70,55,65,50,50,50,5.7,20
K,Joshua Odell,31,2007,70,55,65,50,50,50,5.7,20
S,Clifton James,28,2010,70,55,65,50,50,50,5.7,20
S,Draymond Kaynard,22,2016,70,55,65,50,50,50,5.7,20
CB,Rondall Lee,26,2012,70,55,65,50,50,50,5.7,20
CB,Reggie Bobby,26,2011,70,55,65,50,50,50,5.7,20
CB,Tre Albert,28,2011,70,55,65,50,50,50,5.7,20
CB,Otis Myers,23,2016,70,55,65,50,50,50,5.7,20
CB,Richard Damarco,28,2010,70,55,65,50,50,50,5.7,20
CB,Raymond Terry,22,2016,70,55,65,50,50,50,5.7,20
DL,Henry Lavon,30,2009,70,55,65,50,50,50,5.7,20
DL,Mark Larry,27,2012,70,55,65,50,50,50,5.7,20
DL,Paul Dick,29,2009,70,55,65,50,50,50,5.7,20
DL,Damian Lebron,29,2008,70,55,65,50,50,50,5.7,20
DL,Ha-Ha Damon,29,2009,70,55,65,50,50,50,5.7,20
DL,Brady Henry,23,2015,70,55,65,50,50,50,5.7,20
DL,Harold Johnson,31,2007,70,55,65,50,50,50,5.7,20
DL,Tyree Rondall,30,2008,70,55,65,50,50,50,5.7,20
LB,Rondall Spike,30,2009,70,55,65,50,50,50,5.7,20
LB,Talin John,27,2011,70,55,65,50,50,50,5.7,20
LB,Eli Jack,32,2007,70,55,65,50,50,50,5.7,20
LB,Alan Dontrell,26,2011,70,55,65,50,50,50,5.7,20
LB,Charles Deon,30,2008,70,55,65,50,50,50,5.7,20
LB,Shawnte Isaac,29,2009,70,55,65,50,50,50,5.7,20
LB,Bruce Anthony,33,2005,70,55,65,50,50,50,5.7,20
LB,Shawnte William,33,2005,70,55,65,50,50,50,5.7,20
END_PLAYERS
Guangzhou Tigers,GZT
QB,Donald Andrew,26,2011,70,55,65,50,50,50,5.7,20
QB,Dajon Ralph,31,2007,70,55,65,50,50,50,5.7,20
QB,Harold Tim,29,2009,70,55,65,50,50,50,5.7,20
RB,Douglas Tim,23,2014,70,55,65,50,50,50,5.7,20
RB,Adrian Mark,29,2010,70,55,65,50,50,50,5.7,20
RB,Dajon Damian,25,2013,70,55,65,50,50,50,5.7,20
RB,Dennis Hakeem,32,2006,70,55,65,50,50,50,5.7,20
WR,Reggie Patrick,33,2005,70,55,65,50,50,50,5.7,20
WR,Shawnte Jerry,34,2004,70,55,65,50,50,50,5.7,20
WR,Jahquil Derrick,24,2014,70,55,65,50,50,50,5.7,20
WR,Manning Tyree,23,2014,70,55,65,50,50,50,5.7,20
WR,John Thomas,27,2011,70,55,65,50,50,50,5.7,20
WR,Roman Dirk,27,2011,70,55,65,50,50,50,5.7,20
OL,Clifton Hakeem,29,2010,70,55,65,50,50,50,5.7,20
OL,Jamaar Benton,28,2010,70,55,65,50,50,50,5.7,20
OL,Trayvon Damarco,28,2009,70,55,65,50,50,50,5.7,20
OL,Dick Trayvon,22,2016,70,55,65,50,50,50,5.7,20
OL,Carl Mark,23,2015,70,55,65,50,50,50,5.7,20
OL,Raymond Spike,23,2015,70,55,65,50,50,50,5.7,20
OL,Henry Kaynard,29,2009,70,55,65,50,50,50,5.7,20
OL,Justin Long,27,2011,70,55,65,50,50,50,5.7,20
OL,Dajon Tyronne,33,2005,70,55,65,50,50,50,5.7,20
OL,Paul Adam,23,2015,70,55,65,50,50,50,5.7,20
K,Talin Samuel,33,2006,70,55,65,50,50,50,5.7,20
K,Adam Thomas,24,2014,70,55,65,50,50,50,5.7,20
S,Carnell Rondall,28,2011,70,55,65,50,50,50,5.7,20
S,Peyton Charles,28,2010,70,55,65,50,50,50,5.7,20
CB,Ryan Tupac,29,2010,70,55,65,50,50,50,5.7,20
CB,Malik Kim,23,2016,70,55,65,50,50,50,5.7,20
CB,Harry Juan,26,2013,70,55,65,50,50,50,5.7,20
CB,Richard Jarvis,26,2012,70,55,65,50,50,50,5.7,20
CB,William Jahquil,28,2011,70,55,65,50,50,50,5.7,20
CB,Clayton Kobe,22,2016,70,55,65,50,50,50,5.7,20
DL,Malik Malik,23,2014,70,55,65,50,50,50,5.7,20
DL,Tre Perry,31,2008,70,55,65,50,50,50,5.7,20
DL,Squires Reggie,23,2014,70,55,65,50,50,50,5.7,20
DL,Rufus Hakeem,21,2016,70,55,65,50,50,50,5.7,20
DL,Reggie Spike,28,2011,70,55,65,50,50,50,5.7,20
DL,Damon Myers,28,2011,70,55,65,50,50,50,5.7,20
DL,Darik Arthur,22,2016,70,55,65,50,50,50,5.7,20
DL,Adam Draymond,26,2012,70,55,65,50,50,50,5.7,20
LB,Mark Beckham,22,2016,70,55,65,50,50,50,5.7,20
LB,Dennis Brady,29,2009,70,55,65,50,50,50,5.7,20
LB,Jack Gerald,24,2014,70,55,65,50,50,50,5.7,20
LB,Draymond Charles,25,2013,70,55,65,50,50,50,5.7,20
LB,Deon Richard,26,2013,70,55,65,50,50,50,5.7,20
LB,Rhys Raymond,30,2008,70,55,65,50,50,50,5.7,20
LB,Patrick Aaron,31,2007,70,55,65,50,50,50,5.7,20
LB,Lamar Omarr,32,2006,70,55,65,50,50,50,5.7,20
END_PLAYERS